0
25
-1:6
1664 61
2304 154
2285 283
2447 352
2437 432
1725 329
-1:4
1219 108
1471 123
1424 921
1177 908
-1:4
1015 152
1019 595
138 850
215 157
-1:6
1645 488
2353 632
2226 1256
2042 1220
2006 1380
1757 1327
-1:5
832 946
1637 1158
1541 1519
950 1468
712 1404
-1:4
213 981
611 1033
623 1386
167 1323
-1:4
2381 1450
2096 1851
1342 1977
1571 1584
-1:4
163 2362
202 1456
1380 1664
1069 2180
-1:8
2069 2105
2075 2541
1895 2546
1897 2704
1650 2707
1649 2548
1197 2550
1192 2116
-1:6
1003 2360
1043 3057
735 3208
484 3347
160 3404
218 2497
-1:8
2089 2769
2101 3425
1222 3441
1212 2785
1654 2777
1663 2936
1914 2933
1915 2770
-1:4
1146 43
2238 162
2258 454
1120 331
-1:4
221 173
1327 485
1300 778
144 452
-1:4
1756 531
2399 589
2359 1003
1601 935
-1:4
139 658
547 780
548 1145
133 1140
-1:5
1337 838
1463 1457
1005 1523
656 911
1139 813
-1:4
1529 1024
1801 1037
2349 1289
1681 1503
-1:4
527 1287
911 1877
137 2034
185 1378
-1:7
2201 1510
2168 1985
1987 1977
1965 2305
1645 2283
1671 1951
1595 1675
-1:4
1332 1680
1382 2111
1159 2202
1000 1819
-1:4
655 2059
1001 2452
769 2815
347 2336
-1:6
1550 2171
1423 3367
1114 3451
913 2714
1107 2659
1297 2240
-1:6
209 2346
255 2515
341 2518
340 3415
88 3421
87 2349
-1:6
2032 2433
2069 3282
1623 3302
1593 2623
1850 2613
1848 2446
-1:4
428 2617
772 2968
769 3343
420 340
