3
-1:5
 300.000000 1152.000000
 1127.000000 1287.000000
 1277.000000 745.000000
 1022.000000 255.000000
 512.000000 365.000000
-1:10
 1457.000000 472.000000
 1532.000000 487.000000
 1582.000000 297.000000
 1685.000000 467.000000
 1757.000000 482.000000
 1800.000000 340.000000
 1855.000000 497.000000
 1935.000000 495.000000
 1945.000000 97.000000
 1470.000000 127.000000
-1:6
 1447.000000 915.000000
 1452.000000 1195.000000
 1737.000000 1255.000000
 1852.000000 822.000000
 1707.000000 807.000000
 1585.000000 957.000000
23
0:24
 416.329073 1704.683706
 321.329073 1749.683706
 159.329073 1612.683706
 56.329073 1617.683706
 241.329073 1789.683706
 136.329073 1839.683706
 -20.670927 1694.683706
 -165.670927 1724.683706
 19.329073 1897.683706
 -130.670927 1972.683706
 -628.670927 1469.683706
 -575.670927 1342.683706
 -428.670927 1512.683706
 -303.670927 1457.683706
 -460.670927 1202.683706
 -345.670927 1147.683706
 -193.670927 1389.683706
 -133.670927 1252.683706
 -185.670927 1067.683706
 -75.670927 1017.683706
 14.329073 1332.683706
 -113.670927 1487.683706
 114.329073 1462.683706
 389.329073 1659.683706
1:6
 388.441741 1661.526695
 116.598924 1463.702321
 -112.845969 1489.158972
 14.329073 1332.683706
 -76.339305 1015.344384
 -31.369288 991.309044
2:4
 763.051118 1501.648562
 948.051118 1536.648562
 1050.051118 1644.648562
 768.051118 1679.648562
3:5
 381.856230 1535.418530
 464.856230 1240.418530
 589.856230 1303.418530
 559.856230 1528.418530
 454.856230 1563.418530
4:4
 904.872204 8.453674
 786.872204 -26.546326
 876.872204 -178.546326
 994.872204 -133.546326
5:4
 969.089457 167.447284
 809.089457 255.447284
 796.089457 135.447284
 944.089457 92.447284
6:4
 -55.316294 -191.610224
 94.683706 -233.610224
 109.683706 -171.610224
 -72.316294 -101.610224
7:4
 825.498403 -262.492013
 723.498403 -242.492013
 700.498403 -417.492013
 800.498403 -397.492013
8:6
 1040.000000 97.000000
 1132.000000 80.000000
 1180.000000 200.000000
 1272.000000 175.000000
 1310.000000 325.000000
 1070.000000 330.000000
9:4
 380.000000 595.000000
 412.000000 680.000000
 225.000000 847.000000
 230.000000 747.000000
10:4
 -278.304934 610.508739
 -258.304934 483.508739
 -11.304934 433.508739
 -71.304934 565.508739
11:4
 173.594249 380.306709
 283.594249 363.306709
 338.594249 420.306709
 218.594249 460.306709
12:4
 1702.127796 -205.591054
 1810.127796 -280.591054
 1820.127796 -170.591054
 1735.127796 -135.591054
13:6
 2271.392971 558.993610
 2189.392971 483.993610
 2214.392971 360.993610
 2466.392971 390.993610
 2366.392971 590.993610
 2314.392971 460.993610
14:8
 1651.542540 419.147852
 1687.249067 296.351093
 1935.129992 317.776471
 1934.123948 492.773580
 1854.096526 497.313591
 1800.000000 340.000000
 1756.167131 484.750404
 1684.254553 469.336737
15:4
 2502.335463 1016.233227
 2275.335463 914.233227
 2332.335463 839.233227
 2545.335463 901.233227
16:4
 2258.035144 1720.814696
 1798.035144 1842.814696
 1780.035144 1757.814696
 2240.035144 1625.814696
17:6
 1219.827476 1421.201278
 1309.827476 1306.201278
 1274.827476 1246.201278
 1359.827476 1226.201278
 1497.827476 1309.201278
 1362.827476 1474.201278
18:4
 1827.910543 1518.929712
 2012.910543 1415.929712
 2075.910543 1498.929712
 1925.910543 1603.929712
19:4
 2574.523962 1543.546326
 2322.523962 1475.546326
 2474.523962 1393.546326
 2604.523962 1440.546326
20:4
 1873.070288 1083.194888
 2136.070288 1088.194888
 2171.070288 1205.194888
 2076.070288 1318.194888
21:4
 687.000000 252.000000
 672.000000 187.000000
 732.000000 167.000000
 765.000000 227.000000
22:8
 380.737748 223.502015
 315.737748 201.502015
 285.737748 258.502015
 240.737748 221.502015
 267.737748 108.502015
 335.737748 131.502015
 405.737748 58.502015
 457.737748 78.502015
