1
-1:4
1264 2171
2394 2214
2439 1090
1309 1040

25
-1:5
1123 714
1176 771
1247 943
977 965
901 808

-1:4
1664 823
1909 821
1954 978
1665 977

-1:6
2547 900
2587 888
2623 938
2656 935
2764 1255
2678 1284

-1:6
2931 913
3003 981
2914 1232
2892 1224
2894 1156
2852 1135

-1:8
893 919
898 1089
836 1093
839 1188
900 1188
902 1255
652 1262
644 926

-1:4
1790 1111
1978 1140
1940 1403
1812 1219

-1:4
1766 1221
1328 1267
1317 1158
1737 1117

-1:6
2021 1128
2188 1144
2159 1465
2090 1459
2094 1398
1996 1387

-1:4
2393 1179
2383 1320
2240 1440
2266 1145

-1:4
1788 1249
1904 1529
1821 1568
1700 1289

-1:4
1332 1293
1441 1294
1437 1756
1329 1734

-1:7
728 1318
963 1341
954 1452
982 1576
862 1599
834 1483
764 1490

-1:4
2987 1320
2978 1482
2790 1523
2756 1369

-1:4
2663 1384
2682 1561
2530 1580
2515 1445

-1:8
1493 1402
1660 1403
1661 1468
1722 1474
1721 1565
1660 1571
1657 1739
1491 1737

-1:6
3085 1477
3147 1546
3107 1592
3148 1645
2973 1805
2795 1603

-1:5
519 1496
691 1546
666 1637
564 1841
429 1801

-1:6
2300 1671
2241 1778
1789 1717
1837 1629
2010 1596
2048 1531

-1:4
2639 1642
2767 1666
2767 1816
2636 1818

-1:5
901 1702
962 2044
682 2162
606 1909
784 1753

-1:4
1732 2145
1720 1800
2175 1845
2071 2051

-1:4
2949 1810
2959 1898
2816 1965
2798 1832

-1:4
1400 1823
1538 1828
1610 2085
1312 2057

-1:4
2369 1824
2290 2100
2122 2196
2211 1896

-1:4
2980 2000
3006 2260
2680 2172
2683 2001

