1
8
946837
831
512
503
295
304
954

557559
618
621
563
567
1218
1210


25
4
946948.198
864.79
871.189

557736.436
736.705
557.565


6
899.332893.993
968.081
969.028
954.169
954

1210.671088.97
1084.85
1172.17
1171.71
1210


6
865.615867.249
895.314
886.12
952.965
954

1211.091170.96
1173.27
1036.69
1035.82
1210


4
854.143848.844
952.305
954

1211.231114.28
1112.93
1210


6
869.107870.919
804.071
807.068
942.022
954

1211.041124.8
1108.54
1066.87
1073.25
1210


4
850.988848.055
962.87
954

1211.271087.3
1079.65
1210


5
532.962525.815
934.468
938.796
954

1215.181146.24
1120.09
1189.27
1210


4
884.998884.149
952.151
954

1210.851141.85
1141
1210


4
381.061390.253
924.471
954

1217.051142.38
1118.3
1210


4
825.694819.047
962.143
954

1211.581085.1
1073.06
1210


6
871.641876.704
838.995
840.846
941.439
954

1211.011125.18
1115.64
1076.57
1081.26
1210


6
874.376872.476
888.139
861.352
949.433
954

1210.981191.35
1187.39
990.555
985.904
1210


4
877.848876.558
961.748
954

1210.94786.013
783.258
1210


4
874.804878.734
956.349
954

1210.971111.76
1114.59
1210


4
857.26857.097
952.71
954

1211.191107.24
1105.2
1210


6
881.17881.07
942.729
940.803
957.639
954

1210.91117.98
1117.54
1138.47
1140.84
1210


4
831.527829.606
946.815
954

1211.511116.49
1113.85
1210


8
842.344842.092
885.501
885.865
842.591
840.545
951.564
954

1211.371184.36
1183.55
1135.28
1134.68
1081.92
1079.77
1210


4
878.415874.415
941.949
954

1210.931041.86
1041.33
1210


4
784.301775.389
899.095
954

1212.091104.64
1094.96
1210


4
826.66828.308
948.32
954

1211.571069.82
1116.02
1210


4
835.857851.106
973.791
954

1211.451080.54
1101.48
1210


6
837.283815.611
947.454
955.762
932.353
954

1211.441051.7
1033.2
1088.62
1094
1210


8
907.83907.459
854.225
854.763
983.619
982.883
953.827
954

1210.571166.39
1166.65
1101.28
1103.55
1166.93
1167.81
1210


6
837.579836.258
875.462
873.22
953.115
954

1211.431085.96
1086.11
1124.52
1129.7
1210


