1
5
520518
1392
1390
890

4801132
1134
446
262


11
4
520699.216
848.881
686.117

480374.408
657.823
755.843


4
518.9831010.61
1085.2
518

811.496791.363
1101.84
1132


4
13921220
1218.72
1334.72

11341133.61
817.603
819.868


5
13901390.28
1287.35
1118.11
1206.05

446542.02
672.5
706.527
450.367


3
8901006.08
914.606

262304.718
333.907


5
995.109935.707
741.902
783.645
890

300.68462.097
427.006
325.155
262


6
1136.481167.36
1185.9
739.843
754.423
890

352.705520.545
622.449
612.795
342.714
262


4
1145.91924.189
790.692
890

356.173514.545
339.575
262


4
1081.45999.839
816.289
890

332.453536.844
456.511
262


4
1308.711278.84
814.633
890

416.085610.764
447.644
262


3
987.203831.192
890

297.771355.046
262


