1
8
946837
831
512
503
295
304
954

557559
618
621
563
567
1218
1210


25
4
341.74352.139
435.361
416.406

831.018651.871
657.456
835.704


6
295.927295
369.189
366.972
352.139
350.584

688.82567
565.573
652.867
651.871
690.128


6
470.957475.463
503.29
503.912
570.647
559.192

1135.671095.76
1100.08
963.188
967.115
1140.92


4
784.616774.858
672.434
685.771

1119.931216.54
1201.86
1105.7


6
439.414435.485
367.703
367.922
503
524.05

705.344619.166
607.392
565.62
563
698.654


4
935.484928.671
813.611
832.691

894.3051018.12
1016.72
887.478


5
538.82573.069
920.827
884.146
884.468

928.085867.827
1084.04
1142.85
1168.55


4
954884.998
884.146
953.151

12101210.85
1142.85
1141


4
876.938867.763
333.55
304

1210.811285.49
1309.69
1218


4
659.568533.841
512
649.173

747.604762.929
621
619.71


6
330.719416.406
420.519
459.459
469.039
343.365

842.826835.704
797.025
793.334
893.579
924.214


6
616.159635.882
638.272
836.79
832.691
609.246

790.491790.546
806.524
799.369
887.478
869.82


4
380.152381.541
296.351
304

1217.041641.97
1644.74
1218


4
832.691818.19
741.322
753.845

887.478985.71
974.607
879.992


4
936.408832.691
837.136
941.782

894.366887.478
791.947
797.769


6
494.881470.845
530.308
533.841
550.716
565.021

848.27758.519
742.205
762.929
760.873
828.64


4
426.472428.415
311.207
304

1216.461311.48
1314.15
1218


8
375.228402.241
401.783
450.02
451.881
504.678
503.578
373.336

923.672924.211
967.625
969.401
926.163
925.66
1036.69
1035.32


4
389.362558.208
553.307
384.216

1137.091146.69
1214.05
1212.51


4
838.201946
947.52
829.114

558.82557
681.075
728.288


4
691.909672.434
559.192
565.384

1061.451201.86
1140.92
1046.98


4
422.143406.924
284.233
304

1216.521347.43
1326.52
1218


6
766.25771.32
638.272
635.728
659.568
650.008

640.61801.728
806.524
750.545
747.604
629.992


8
428.547427.864
374.633
374.71
503.578
503.29
474.241
474.712

1144.251100.07
1100.71
1035.34
1036.69
1100.08
1101.16
1143.35


6
302.391427.864
427.771
389.362
384.3
304

1101.581100.07
1139.27
1137.09
1216.99
1218


