1
8
946 954 304 295 503 512 831 837
557 1210 1218 567 563 621 618 559

6
4
954 595.914 594.861 954.522
1210 1214.41 1046.98 1060.19

6
946 948.985 802.028 805.652 835.326 838.083
557 800.629 804.326 629.721 631.574 555.047

6
304 302.907 358.567 323.187 456.206 480.939
1218 1138.95 1138.81 867.321 858.208 1206.07

4
306.037 295 501.333 505.976
760.882 567 563.032 756.577

6
652.164 646.489 511.188 512 782.885 822.275
902.921 730.48 703.803 621 618.453 890.955

4
857.695 877.993 648.547 652.164
888.463 1136.64 1164.29 902.921

