1
5
520518
1392
1390
890

4801132
1134
446
262


11
4
13921183.99
1199.65
1389.64

11341133.52
813.401
812.009


4
718.765291.679
393.575
890

532.928288.598
-14.0186
262


4
1028.071024.26
708.294
712.865

869.6331041.59
1036.58
920.656


5
1390.531294.53
1166.22
1135.73
1390

629.999628.278
522.651
352.739
446


3
714.473667.929
641.79

820.056934.658
842.264


5
518518.528
712.631
708.294
629.999

1132960.001
926.596
1036.58
1132.34


6
520667.034
756.38
900.459
641.79
519.434

480393.369
340.973
763.229
842.264
742.64


4
1376.741115.2
1046.88
1166.22

695.961772.34
563.129
522.651


4
1046.881115.2
922.807
854.759

563.129772.339
828.279
631.714


4
651.631467.525
724.259
890

639.148569.167
149.42
262


3
987.203831.192
890

297.771355.046
262


