1
8
946 954 304 295 503 512 831 837 
557 1210 1218 567 563 621 618 559 

25
4
402 261 210 356
1452 1563 1497 1393

6
484 409 350 406 417 442
1656 1752 1707 1640 1650 1621

6
873 835 827 703 678 840
1116 1129 1102 1160 1098 1034

4
438 386 301 356
892 974 915 835

6
876 937 995 1023 925 818
650 711 674 705 798 712

4
1217 1216 1101 1114
442 566 570 440

5
1129 1081 797 847 853
319 369 74 26 1

4
202 133 132 201
1418 1419 1351 1349

4
604 574 1022 1094
1698 1629 1337 1401

4
1249 1170 1055 1152
1140 1239 1153 1056

6
234 187 215 194 109 162
903 975 1002 1035 981 863

6
1171 1161 1146 1052 978 1106
846 863 857 1032 984 800

4
804 633 554 734
561 950 918 531

4
196 114 70 148
465 521 457 402

4
684 670 575 588
229 332 321 217

6
1265 1173 1164 1185 1185 1254
1708 1721 1660 1659 1642 1636

4
959 945 829 838
1208 1302 1285 1189

8
368 351 317 286 319 287 200 281
1103 1124 1097 1134 1162 1204 1135 1033

4
911 762 731 876
905 985 925 838

4
268 186 267 387
816 746 652 695

4
614 574 471 491
469 605 528 436

4
939 852 763 841
348 447 360 282

6
463 455 322 324 348 348
212 373 367 311 310 192

8
550 546 599 592 464 471 500 504
1036 1080 1085 1150 1135 1072 1074 1032

6
1255 1244 1205 1211 1132 1139
114 239 235 197 184 104

