3
4
100 34 252 317
68 240 239 70

4
566 500 715 742
96 239 241 91

4
272 226 551 565
405 532 554 397

11
4
34.0000 199.5775 206.0244 55.4488
240.0000 239.2405 181.4263 184.1031

4
55.4488 206.0244 212.1889 87.8791
184.1031 181.4263 126.1449 99.5878

7
87.8791 212.1889 206.0244 199.5775 252.0000 317.0000 100.0000
99.5878 126.1449 181.4263 239.2405 239.0000 70.0000 68.0000

4
500.0000 643.8356 649.2807 521.8227
239.0000 240.3380 203.0472 191.7176

4
521.8227 649.2807 659.6118 552.6008
191.7176 203.0472 132.2949 125.0317

4
552.6008 659.6118 665.3235 566.0000
125.0317 132.2949 93.1783 96.0000

6
643.8356 715.0000 742.0000 665.3235 659.6118 649.2807
240.3380 241.0000 91.0000 93.1783 132.2949 203.0472

4
226.0000 272.1964 289.0653 247.0068
532.0000 535.1271 491.6215 474.0031

6
247.0068 289.0653 272.1964 360.0293 304.5052 272.0000
474.0031 491.6215 535.1271 541.0728 404.1125 405.0000

6
360.0293 488.2409 508.9378 436.5341 413.2944 304.5052
541.0728 549.7517 474.7256 484.2879 401.1422 404.1125

6
488.2409 551.0000 565.0000 413.2944 436.5341 508.9378
549.7517 554.0000 397.0000 401.1422 484.2879 474.7256

