1
-1:6
2268 556
1557 522
1525 1351
2230 1384
2236 1212
2101 942

9
-1:4
1187 468
1250 626
868 827
840 666

-1:4
528 937
562 1091
356 1139
315 957

-1:4
1041 1144
1208 1248
1072 1426
988 1378

-1:4
415 1265
475 1292
497 1588
318 1481

-1:4
874 1485
936 1575
802 1777
632 1566

-1:5
1883 1686
2061 1767
2123 2021
1935 2003
1917 1823

-1:5
1745 1946
1776 2059
1761 2255
1618 2299
1525 1977

-1:8
1271 2373
1119 2423
1092 2339
1185 2309
1139 2161
793 2277
763 2191
1170 2057

-1:4
1882 2271
2072 2330
2173 2592
2031 2647

