1
37:8
16576 1850
16548 11391
23431 11386
23438 9896
24340 9892
24373 11370
26263 11365
26079 1759

31
33:6
8173 4855
8516 4843
8209 4859
8779 4873
8743 6121
8132 6103

32:4
11185 4758
12189 5002
11922 6114
10918 5871

31:6
8966 4537
9791 4525
9809 6182
9400 5783
9391 5262
8973 5262

30:8
10952 4236
10895 4984
10779 5702
10364 6118
9963 5921
10161 5711
9944 5083
9934 4255

29:6
11658 3895
11807 4271
11616 4351
11686 4548
11315 4696
11084 4129

28:7
8319 3380
8660 3748
8515 3901
8794 4200
8496 4477
8285 4254
8157 3809

27:6
9113 3267
9243 3337
9294 3540
9053 3754
8903 3646
8920 3324

26:7
12019 3118
11857 3493
11571 3375
11362 3847
10988 3684
11111 3401
11738 2998

25:4
9227 3169
9547 2920
10309 3891
9858 3984

24:6
9102 2340
9432 2579
9310 2746
9172 2764
9009 2646
8987 2501

23:9
9565 1718
10285 1664
10329 2280
10442 2227
11004 3218
10293 3627
9724 2638
10330 2285
9612 2333

22:6
8322 1174
8886 1230
8575 1493
8906 1896
8757 2691
8604 2821

21:4
11373 1026
11857 1577
11563 2687
10971 2526

20:5
11129 559
11220 912
10951 1046
10654 1594
9976 1357

19:4
9547 480
9810 1283
9319 1433
9052 539

17:4
10075 5020
10322 5582
9667 5875
9417 5313

16:6
8395 4783
8794 4807
8772 5221
9370 5677
9338 6190
8310 6129

15:6
11043 4738
11896 5308
11506 5903
11148 5685
10796 6190
10300 5859

14:4
8411 3648
9411 3875
9210 4411
8391 4105

13:6
11268 2892
11670 2908
11642 3947
11952 3955
11928 4788
11216 4771

12:7
10649 2541
10932 3206
10553 3379
10843 4040
10090 4372
10243 3166
10081 2789

11:7
9322 1194
9846 2313
9288 2579
9186 2855
9269 3042
8899 3218
8638 2661

10:7
11771 777
12231 1190
12339 1848
11650 2618
11266 2277
11098 1837
11219 1393

9:8
10043 506
10650 543
10549 2096
9942 2059
9974 1547
10274 1566
10307 1144
10000 1113

7:5
2749 5229
2288 5809
1620 5955
1303 5691
2096 4702

6:21
3732 2816
4107 2832
4052 3358
4372 3903
3901 3943
3681 4805
4254 4974
4006 5369
4377 6006
3887 6181
3033 5579
3255 5327
3539 5401
3507 4929
3217 4850
3545 4162
3333 3795
3877 3465
3660 3101
3473 3202
3200 3131

5:6
2154 2446
2679 2691
2399 4376
2203 4451
1899 4230
2293 2838

4:24
91 2042
474 2074
857 2347
1326 2331
1346 2799
1551 3221
1504 4410
1235 4800
1247 5269
671 5110
264 5218
17 4776
152 4800
339 4689
281 4365
103 4286
181 4171
324 3153
229 2937
407 2838
450 2691
335 2498
195 2459
21 2553

3:4
635 709
917 543
1526 1378
814 1537

2:6
2053 535
2632 2143
1742 2454
1429 1557
1926 1377
1653 578

1:9
2953 206
4440 1001
3844 2127
3054 2290
3291 1836
3667 2022
3318 882
3111 1246
2465 902

