1
-1:4
120.000000 120.000000
120.000000 1000.000000
1000.000000 1000.000000
1000.000000 120.000000
8
0:3
680.780029 257.892822
336.770660 532.223816
406.449158 -86.116653
1:3
618.993591 1688.512817
306.897400 1150.185791
732.109009 1263.301270
2:3
-212.838379 720.506836
401.166626 821.491455
43.671814 1078.001709
3:3
186.192749 1285.498413
22.662430 877.016052
431.144775 713.485718
4:3
328.577820 1076.354248
176.925171 472.863220
554.497070 698.782410
5:3
549.830627 1579.358887
170.018494 1357.226685
392.150818 977.414551
6:3
776.492004 -177.686508
847.283691 256.581299
342.224243 -106.894775
7:3
282.319458 1249.783081
-24.733734 934.635010
290.414307 627.581787
