1
-1:4
 120.000000 120.000000
 120.000000 1040.000000
 1040.000000 1040.000000
 1040.000000 120.000000
10
0:3
 704.108543 -1454.062166
 1298.467125 -751.825167
 1176.338829 -648.458285
1:3
 1554.505358 1692.254358
 316.327807 1292.609094
 529.956896 1183.235315
2:3
 1240.432830 1127.674030
 1507.833221 143.551593
 1704.573455 107.589069
3:3
 937.355919 -231.566890
 1786.389427 -620.337017
 1854.304100 -521.404781
4:3
 -654.830805 -442.918380
 -981.506220 440.078263
 -1150.058100 332.420243
5:3
 325.950506 -446.074396
 -40.462336 -1416.920129
 237.524084 -1383.400720
6:3
 42.550358 1437.841344
 -966.268611 898.319249
 -785.590541 812.555394
7:3
 -1667.111779 244.561337
 -993.710229 1140.401882
 -1031.276757 1254.370144
8:3
 454.290827 -240.689609
 -521.931311 445.597805
 -676.236151 403.289273
9:3
 -1338.686071 -748.537328
 -382.433966 -850.428227
 -319.892340 -703.157903
