1
-1:8
 0.000000 0.000000
 0.000000 60.000000
 40.000000 60.000000
 42.000000 55.000000
 52.000000 50.000000
 50.000000 60.000000
 100.000000 60.000000
 100.000000 0.000000
31
0:3
 -21.169398 -19.472222
 -11.169398 0.527778
 -33.169398 -3.472222
1:8
 -27.014571 -50.515026
 2.985429 -50.515026
 12.985429 -40.515026
 -1.014571 -37.515026
 4.985429 -30.515026
 -7.014571 -25.515026
 -17.014571 -35.515026
 -7.014571 -40.515026
2:3
 -7.000000 40.000000
 -2.000000 50.000000
 -7.000000 50.000000
3:5
 -36.768214 113.853823
 -36.768214 103.853823
 -41.768214 103.853823
 -28.768214 90.853823
 -5.768214 113.853823
4:6
 -25.958105 71.212203
 -34.958105 62.212203
 -24.958105 52.212203
 -28.958105 61.212203
 -20.958105 56.212203
 -16.958105 71.212203
5:5
 48.078778 113.458560
 63.078778 109.458560
 69.078778 103.458560
 78.078778 103.458560
 84.078778 113.458560
6:4
 -44.233605 -44.480872
 -30.233605 -30.480872
 -40.233605 -20.480872
 -54.233605 -34.480872
7:3
 -43.979507 0.266850
 -47.979507 9.266850
 -51.979507 5.266850
8:5
 49.437158 -39.930782
 25.437158 -29.930782
 39.437158 -44.930782
 29.437158 -44.930782
 24.437158 -64.930782
9:3
 20.760474 94.613387
 32.760474 106.613387
 20.760474 118.613387
10:5
 -56.206281 32.302823
 -53.206281 46.302823
 -43.206281 56.302823
 -43.206281 86.302823
 -63.206281 38.302823
11:3
 48.154827 -20.450820
 42.154827 -12.450820
 34.154827 -18.450820
12:4
 -33.677594 52.486793
 -48.677594 38.486793
 -17.677594 38.486793
 -33.677594 42.486793
13:5
 19.000000 72.000000
 -3.000000 72.000000
 7.000000 67.000000
 9.000000 62.000000
 13.000000 62.000000
14:3
 133.910289 -14.183060
 139.910289 -6.183060
 125.910289 -8.183060
15:7
 -46.973586 30.267759
 -31.973586 14.267759
 -31.973586 4.267759
 -21.973586 4.267759
 -11.973586 22.267759
 -11.973586 29.267759
 -15.973586 30.267759
16:6
 74.500455 -22.408925
 59.500455 -58.408925
 69.500455 -58.408925
 79.500455 -48.408925
 79.500455 -38.408925
 89.500455 -38.408925
17:3
 81.873406 91.289162
 83.873406 81.289162
 93.873406 91.289162
18:3
 7.323316 91.205372
 -10.676684 101.205372
 -2.676684 81.205372
19:9
 98.395263 -42.909379
 114.395263 -54.909379
 126.395263 -38.909379
 142.395263 -50.909379
 148.395263 -42.909379
 132.395263 -30.909379
 118.395263 -32.909379
 112.395263 -40.909379
 104.395263 -34.909379
20:3
 109.859744 4.844263
 114.859744 6.844263
 109.859744 6.844263
21:4
 103.944443 102.620218
 109.944443 87.620218
 119.944443 97.620218
 119.944443 102.620218
22:4
 157.579233 77.028233
 121.579233 77.028233
 121.579233 72.028233
 157.579233 72.028233
23:4
 50.520947 99.775955
 40.520947 89.775955
 40.520947 79.775955
 50.520947 82.775955
24:4
 90.021402 -22.923041
 110.021402 -22.923041
 110.021402 -12.923041
 90.021402 -12.923041
25:9
 119.443989 29.267759
 119.443989 22.267759
 126.443989 25.267759
 129.443989 19.267759
 134.443989 20.267759
 129.443989 15.267759
 135.443989 9.267759
 139.443989 9.267759
 139.443989 29.267759
26:4
 110.155737 44.098361
 122.155737 60.098361
 118.155737 63.098361
 106.155737 47.098361
27:3
 71.732241 -6.260928
 74.732241 -13.260928
 77.732241 -3.260928
28:4
 103.690346 112.755462
 100.690346 122.755462
 90.690346 122.755462
 100.690346 102.755462
29:4
 67.070128 -25.092440
 62.070128 -26.092440
 52.070128 -31.092440
 62.070128 -30.092440
30:4
 138.592894 109.318304
 139.592894 99.318304
 144.592894 89.318304
 144.592894 115.318304
