1
-1:5
 0.000000 0.000000
 0.000000 45.000000
 22.000000 70.000000
 100.000000 70.000000
 100.000000 0.000000
26
0:3
 -0.000000 0.000000
 10.000000 0.000000
 -0.000000 16.000000
1:4
 0.000000 16.000000
 10.000000 0.000000
 20.000000 30.000000
 -0.000000 30.000000
2:3
 30.000000 45.000000
 20.000000 30.000000
 30.000000 30.000000
3:4
 30.000000 45.000000
 0.000000 45.000000
 0.000000 30.000000
 20.000000 30.000000
4:4
 -0.000000 45.000000
 40.000000 45.000000
 41.000000 70.000000
 22.000000 70.000000
5:6
 10.000000 0.000000
 40.000000 -0.000000
 25.000000 5.000000
 22.000000 18.000000
 27.000000 23.000000
 20.000000 30.000000
6:4
 20.000000 30.000000
 27.000000 23.000000
 32.000000 28.000000
 30.000000 30.000000
7:7
 22.000000 18.000000
 25.000000 5.000000
 40.000000 -0.000000
 50.000000 8.000000
 29.000000 13.000000
 40.000000 20.000000
 32.000000 28.000000
8:11
 29.000000 13.000000
 50.000000 8.000000
 51.000000 25.000000
 58.000000 26.000000
 55.000000 35.000000
 43.000000 32.000000
 49.000000 40.000000
 40.000000 45.000000
 30.000000 45.000000
 30.000000 30.000000
 40.000000 20.000000
9:4
 40.000000 -0.000000
 60.000000 -0.000000
 59.000000 4.000000
 50.000000 8.000000
10:5
 40.000000 45.000000
 49.000000 40.000000
 56.000000 40.000000
 59.000000 55.000000
 41.000000 70.000000
11:3
 41.000000 70.000000
 59.000000 55.000000
 60.000000 70.000000
12:3
 43.000000 32.000000
 55.000000 35.000000
 49.000000 40.000000
13:7
 49.000000 40.000000
 55.000000 35.000000
 58.000000 26.000000
 56.000000 16.000000
 74.000000 18.000000
 71.000000 41.000000
 56.000000 40.000000
14:5
 50.000000 8.000000
 59.000000 4.000000
 56.000000 16.000000
 58.000000 26.000000
 51.000000 25.000000
15:4
 56.000000 16.000000
 60.000000 -0.000000
 70.000000 10.000000
 92.000000 20.000000
16:4
 56.000000 40.000000
 71.000000 41.000000
 72.000000 58.000000
 59.000000 55.000000
17:5
 59.000000 55.000000
 72.000000 58.000000
 70.000000 61.000000
 66.000000 70.000000
 60.000000 70.000000
18:3
 60.000000 -0.000000
 100.000000 -0.000000
 70.000000 10.000000
19:6
 66.000000 70.000000
 70.000000 61.000000
 80.000000 46.000000
 100.000000 50.000000
 80.000000 60.000000
 86.000000 70.000000
20:5
 70.000000 10.000000
 100.000000 -0.000000
 100.000000 26.000000
 89.000000 27.000000
 92.000000 20.000000
21:3
 71.000000 41.000000
 74.000000 18.000000
 92.000000 20.000000
22:4
 71.000000 41.000000
 92.000000 20.000000
 89.000000 27.000000
 80.000000 46.000000
23:3
 71.000000 41.000000
 80.000000 46.000000
 72.000000 58.000000
24:4
 80.000000 46.000000
 89.000000 27.000000
 100.000000 26.000000
 100.000000 50.000000
25:4
 80.000000 60.000000
 100.000000 50.000000
 100.000000 70.000000
 86.000000 70.000000
