1
-1:9
 0.000000 0.000000
 0.000000 60.000000
 100.000000 60.000000
 100.000000 43.000000
 90.000000 46.000000
 92.000000 41.000000
 75.000000 32.000000
 100.000000 20.000000
 100.000000 0.000000
33
0:6
 -15.316354 -8.659996
 -9.316354 -0.659996
 -11.316354 13.340004
 -21.316354 8.340004
 -17.316354 5.340004
 -23.316354 -2.659996
1:4
 6.347281 -6.294524
 -3.652719 -6.294524
 -3.652719 -16.294524
 6.347281 -16.294524
2:9
 -64.454705 46.660541
 -48.454705 34.660541
 -54.454705 26.660541
 -50.454705 23.660541
 -40.454705 28.660541
 -36.454705 50.660541
 -50.454705 48.660541
 -48.454705 59.660541
 -58.454705 54.660541
3:3
 10.351687 -62.513543
 0.351687 -57.513543
 0.351687 -62.513543
4:3
 -38.764760 85.199785
 -42.764760 107.199785
 -50.764760 101.199785
5:4
 9.700973 79.919136
 15.700973 87.919136
 13.700973 101.919136
 -0.299027 99.919136
6:3
 -15.000000 41.000000
 -25.000000 36.000000
 -15.000000 26.000000
7:4
 85.384868 -57.454705
 125.384868 -57.454705
 115.384868 -47.454705
 95.384868 -47.454705
8:3
 -13.000000 32.000000
 -2.000000 34.000000
 -8.000000 42.000000
9:3
 54.950881 -21.972712
 49.950881 -11.972712
 49.950881 -21.972712
10:4
 16.343135 105.417949
 22.343135 113.417949
 26.343135 135.417949
 14.343135 119.417949
11:3
 -0.357838 76.029405
 -14.357838 78.029405
 -30.357838 66.029405
12:3
 32.000000 80.000000
 42.000000 110.000000
 32.000000 110.000000
13:3
 46.653189 71.306379
 41.653189 81.306379
 36.653189 66.306379
14:5
 117.362815 11.335784
 129.362815 2.335784
 143.362815 4.335784
 132.362815 6.335784
 127.362815 16.335784
15:3
 21.689104 -7.641804
 10.689104 -5.641804
 18.689104 -11.641804
16:5
 -7.498813 105.414273
 -4.498813 109.414273
 -6.498813 123.414273
 -14.498813 129.414273
 -16.498813 118.414273
17:5
 27.040432 -15.627460
 16.040432 -17.627460
 11.040432 -27.627460
 31.040432 -37.627460
 33.040432 -23.627460
18:4
 -55.406922 -38.823570
 -41.406922 -36.823570
 -48.406922 -12.823570
 -57.406922 -24.823570
19:5
 -36.082165 113.739030
 -32.082165 105.739030
 -31.082165 105.739030
 -26.082165 133.739030
 -36.082165 133.739030
20:3
 -34.074814 2.796539
 -40.074814 14.796539
 -65.074814 2.796539
21:5
 70.273298 92.823570
 58.273298 92.823570
 54.273298 74.823570
 50.273298 64.823570
 65.273298 64.823570
22:6
 86.933839 -37.864002
 68.933839 -13.864002
 60.933839 -19.864002
 66.933839 -27.864002
 52.933839 -25.864002
 61.933839 -37.864002
23:3
 82.539245 100.986599
 82.539245 130.986599
 70.539245 125.986599
24:4
 -7.093192 -42.122597
 -7.093192 -24.122597
 -23.093192 -32.122597
 -25.093192 -38.122597
25:5
 138.473084 49.620109
 135.473084 40.620109
 146.473084 34.620109
 148.473084 34.620109
 148.473084 45.620109
26:6
 111.210812 95.126273
 103.210812 111.126273
 93.210812 97.126273
 97.210812 90.126273
 102.210812 85.126273
 108.210812 96.126273
27:3
 133.764760 -19.524542
 123.764760 -19.524542
 123.764760 -29.524542
28:4
 112.576001 46.000000
 124.576001 51.000000
 134.576001 51.000000
 124.576001 71.000000
29:6
 90.889731 -6.886055
 99.889731 -23.886055
 104.889731 -21.886055
 108.889731 -22.886055
 111.889731 -12.886055
 104.889731 -16.886055
30:7
 127.074814 79.557623
 132.074814 84.557623
 135.074814 94.557623
 139.074814 93.557623
 142.074814 103.557623
 125.074814 103.557623
 125.074814 79.557623
31:4
 50.693621 -56.118922
 34.693621 -44.118922
 28.693621 -52.118922
 44.693621 -64.118922
32:3
 127.900758 19.335784
 127.900758 39.335784
 117.900758 39.335784
