1
-1:7
 0.000000 0.000000
 0.000000 60.000000
 29.000000 60.000000
 42.000000 54.000000
 70.000000 60.000000
 100.000000 60.000000
 100.000000 0.000000
17
0:4
 0.000000 0.000000
 11.000000 -0.000000
 30.000000 24.000000
 0.000000 20.000000
1:8
 0.000000 20.000000
 30.000000 24.000000
 19.000000 48.000000
 0.000000 60.000000
 0.000000 40.000000
 10.000000 40.000000
 10.000000 30.000000
 0.000000 30.000000
2:4
 10.000000 40.000000
 0.000000 40.000000
 0.000000 30.000000
 10.000000 30.000000
3:3
 0.000000 60.000000
 19.000000 48.000000
 29.000000 60.000000
4:3
 11.000000 -0.000000
 41.000000 0.000000
 30.000000 24.000000
5:4
 19.000000 48.000000
 41.000000 -0.000000
 42.000000 54.000000
 29.000000 60.000000
6:3
 41.000000 0.000000
 76.000000 20.000000
 70.000000 50.000000
7:3
 41.000000 0.000000
 70.000000 50.000000
 42.000000 54.000000
8:3
 41.000000 0.000000
 70.000000 0.000000
 76.000000 20.000000
9:3
 42.000000 54.000000
 70.000000 50.000000
 70.000000 60.000000
10:3
 70.000000 0.000000
 80.000000 0.000000
 76.000000 20.000000
11:3
 80.734382 93.498494
 50.734382 87.498494
 80.734382 63.498494
12:4
 100.000000 60.000000
 80.000000 60.000000
 90.000000 50.000000
 100.000000 50.000000
13:3
 50.734382 87.498494
 30.734382 83.498494
 80.734382 63.498494
14:5
 80.000000 50.000000
 90.000000 50.000000
 90.000000 40.000000
 100.000000 40.000000
 100.000000 -0.000000
15:4
 90.000000 50.000000
 80.000000 60.000000
 70.000000 60.000000
 70.000000 50.000000
16:4
 90.000000 40.000000
 90.000000 50.000000
 100.000000 50.000000
 100.000000 40.000000
