1
17
624 1217
898 1219
900 1297
1332 1301
1344 1221
1490 1225
1485 2075
1474 2082
1485 2083
1483 2094
615 2086
617 1918
611 1911
617 1900
619 1621
613 1616
619 1610
25
4
874 1846
859 2016
1039 2045
1039 1853
6
1292 1933
1296 1935
1289 1941
1286 2061
1423 2065
1426 1938
4
746 1780
640 1813
711 2042
804 2011
6
1359 1664
1261 1680
1287 1839
1359 1830
1354 1779
1375 1776
7
946 1591
895 1587
894 1628
717 1600
712 1607
705 1688
934 1709
9
1126 1330
1105 1359
1149 1394
1113 1444
1107 1446
1064 1411
1020 1467
1137 1555
1241 1420
4
570 704
535 795
744 879
776 797
8
389 681
390 754
332 756
332 815
391 815
393 855
477 853
475 681
4
757 377
695 527
812 575
871 431
4
585 371
458 384
471 514
597 508
8
57 344
48 449
72 452
78 433
290 463
288 483
335 490
351 373
4
1200 1873
1085 1933
1131 2024
1245 1968
6
1088 1605
1045 1707
1142 1756
1116 1801
1163 1823
1230 1665
7
127 1499
124 1513
230 2253
235 2259
351 2207
226 1507
218 1497
4
1285 1409
1261 1594
1426 1557
1450 1436
6
918 1393
834 1482
904 1548
970 1487
959 1465
978 1449
4
677 1280
669 1451
802 1468
826 1306
4
166 1094
83 1233
209 1308
311 1189
6
913 811
923 987
1137 975
1148 821
992 837
987 805
8
1328 794
1280 916
1327 935
1352 896
1359 895
1462 936
1496 835
1343 793
6
173 664
58 799
175 936
253 855
170 779
215 699
4
846 625
827 714
912 735
933 646
4
1165 138
1064 697
1179 711
1263 150
6
58 227
614 217
623 126
78 108
74 200
59 201
5
748 96
727 236
943 287
913 121
758 92
