3
8
232 350
250 610
730 580
772 870
505 1242
630 1350
1055 922
985 317
4
1295 422
1307 1270
1900 1307
1972 395
4
1137 72
1182 250
1412 230
1322 32
18
4
235 232
372 440
127 535
20 380
4
730 367
550 557
312 412
572 275
8
1222 102
1222 397
1135 450
1092 327
992 292
932 200
1057 62
1130 160
5
895 1070
727 992
635 950
737 815
972 962
6
1127 1175
997 930
1135 872
1352 992
1327 1217
1162 1160
4
507 987
507 1112
317 1135
345 972
4
225 822
300 682
520 742
402 895
6
965 162
690 252
637 165
745 135
805 47
937 45
6
1365 907
1072 1090
982 932
1097 870
970 640
1152 545
6
1945 1167
1745 1220
1682 1007
1550 1040
1487 837
1815 760
6
1997 987
2157 1125
2070 1217
2237 1370
2127 1487
1817 1170
6
2025 645
2080 795
1827 892
1880 1022
1715 1092
1575 790
8
1397 -195
1440 -205
1485 -117
1537 -142
1505 -220
1580 -240
1675 -42
1445 -20
4
1135 485
1075 457
1097 375
1152 387
4
1217 602
1240 475
1502 515
1477 647
4
1805 692
1930 752
1812 995
1692 932
4
1470 690
1507 812
1297 892
1255 765
4
1817 1032
2035 990
2057 1122
1837 1170
