2
8
430 117
120 397
112 825
310 1152
617 1157
952 930
942 425
672 117
6
1172 1402
1862 1412
1637 447
1845 225
1087 180
1355 475
20
4
400 397
332 480
155 330
370 177
6
175 622
17 752
-222 645
-187 417
82 265
222 482
4
15 3625
-85 3622
-110 3450
147 3430
5
70 1180
232 1237
527 1342
137 1595
35 1380
6
1220 397
817 632
565 530
720 440
1090 230
1152 240
4
970 222
1410 225
1080 492
795 365
6
642 760
507 905
440 972
262 957
427 692
607 710
7
680 -62
692 147
642 230
500 462
417 245
335 27
622 -85
3
430 227
622 177
482 340
4
3447 3045
3302 2952
3497 2700
3625 2745
4
1532 1175
1577 1340
1297 1442
1197 1250
5
1630 -355
1402 -235
1280 -472
1425 -547
1460 -412
4
1630 400
1482 350
1572 175
1715 260
4
1322 2237
1305 2470
1045 2487
1127 2207
4
1430 1047
1250 1100
1197 807
1447 787
5
1265 497
1505 402
1772 295
1942 380
1220 612
5
1450 182
1447 470
1180 470
1180 295
1292 320
4
1112 537
1247 827
1025 952
875 752
4
1425 1360
1245 1312
1237 1100
1472 1110
4
1137 515
1145 702
977 745
935 585
