1
4
245 1272
1537 1327
1575 137
305 112
17
6
590 1260
480 1017
612 987
637 1070
742 1060
777 1172
11
-707 -722
-437 -537
-530 -375
-402 -160
-557 -107
-700 -55
-862 -285
-775 -385
-832 -442
-770 -535
-855 -617
4
1095 1415
905 1150
1195 980
1315 1105
7
935 1145
1065 1030
1167 945
1395 1032
1360 1272
1187 1187
1085 1265
5
1837 3880
1807 3697
1920 3700
2110 3707
2160 3827
4
-190 495
-335 687
-490 502
-435 402
4
1705 330
1925 420
1890 622
1595 465
6
1437 490
1262 782
980 715
1092 492
1122 520
1340 402
7
2015 197
1872 400
1835 392
1525 350
1557 217
1695 220
1745 125
4
1860 325
1785 397
1652 350
1727 237
4
937 -77
1080 140
987 370
755 62
6
485 -355
632 -425
695 -572
875 -497
1045 -427
702 -227
5
1540 -540
1790 -625
1920 -417
1685 -207
1525 -355
4
100 665
122 892
0 882
-37 720
14
465 917
397 780
620 642
757 552
912 577
1082 602
1165 522
1410 682
1092 942
1117 1107
927 1117
792 905
677 1015
582 880
4
730 415
780 225
982 387
895 457
6
1197 677
1202 815
875 752
892 582
1257 402
1402 550
