1
6
1642 3867
700 2712
762 4342
2412 1512
1937 2787
3017 575
13
4
1555 930
1280 2262
1542 1025
2042 1287
6
2017 1317
1280 205
1367 1630
1262 -42
850 1812
562 630
4
3737 3137
750 417
3387 3350
905 -25
5
2037 3030
1950 2055
2912 3380
2330 1805
2925 2675
4
667 492
-2900 -1862
930 242
-2175 -2755
4
3975 4087
2787 3567
4567 3725
3305 3117
4
7250 6662
-800 -587
7087 7030
-330 -1075
4
6825 7237
3450 2892
6892 7187
2825 3417
6
4462 3405
430 1662
4330 3350
1030 1242
4150 4042
1617 225
5
3150 1300
1280 3512
3530 1850
850 3142
3537 1880
4
-112 492
2025 1517
-275 455
1467 2105
4
2712 3125
2925 2267
2767 3087
2367 2837
4
2387 2987
1967 1912
2450 2862
1600 2230
