0
22
21:4
41466 31372
48238 31796
48437 34136
41515 34136

20:4
27846 28907
28692 32169
25431 33041
24584 29804

19:6
32004 25621
34768 25845
34743 26990
40644 27189
39474 32891
31481 32269

18:4
50255 29380
41789 29505
41316 24127
47516 23604

17:4
24982 21189
29663 21612
29215 26741
24509 26293

16:4
33622 19321
40021 20068
38602 25571
32601 24276

15:6
46396 13818
49134 14167
48512 20168
44827 19869
45400 15611
46147 15661

14:12
43059 12997
43308 17354
41515 17454
41490 16757
34046 17080
33324 17230
33348 17952
32402 17952
32004 14067
35017 13769
35365 13918
35340 13769

13:4
27771 12872
30211 18400
25729 20118
23414 14765

12:8
11836 6374
11861 9013
9669 9137
9769 11503
11985 11553
12035 12823
6507 12997
6333 6523

11:15
57550 3685
57750 34136
51674 34061
51425 9860
19131 10158
19131 15736
22094 16034
22219 32219
19330 32244
19280 34136
13504 34136
13255 5203
13404 5253
13355 4133
13554 3983

10:4
2066 1685
2430 1708
2441 1833
2069 1833

9:4
1335 1553
1380 1728
1205 1775
1159 1601

8:6
1558 1376
1706 1388
1705 1450
2022 1460
1959 1767
1530 1733

7:4
2538 1578
2084 1585
2058 1296
2391 1268

6:4
1181 1138
1432 1161
1408 1436
1155 1412

5:4
1645 1038
1989 1078
1912 1373
1590 1304

4:6
2331 742
2478 761
2445 1083
2247 1067
2278 838
2318 841

3:12
2152 698
2165 932
2069 937
2068 900
1668 917
1629 925
1630 964
1579 964
1558 755
1720 739
1738 747
1737 739

2:4
1330 691
1462 988
1221 1080
1096 793

1:8
474 342
476 484
358 490
363 618
482 620
485 688
188 698
179 350

0:15
2930 197
2941 1833
2615 1829
2601 529
866 545
866 845
1026 861
1032 1730
877 1732
874 1833
564 1833
551 279
559 282
556 222
567 214

