1
-1:8
958 472
959 696
1077 705
1084 1352
965 1360
971 1778
2270 1764
2256 459

25
-1:8
666 320
669 422
582 427
583 525
671 526
674 578
454 586
445 325

-1:4
1306 580
1403 802
1224 871
1131 656

-1:8
1919 585
1929 760
1857 764
1854 735
1531 753
1531 783
1492 784
1478 628

-1:6
2056 618
2164 633
2139 873
1991 861
2014 690
2045 692

-1:4
1541 839
1798 869
1741 1090
1500 1039

-1:4
1194 915
1384 932
1364 1137
1174 1119

-1:4
2208 1241
1867 1247
1850 1032
2100 1012

-1:6
1476 1092
1588 1101
1587 1149
1823 1156
1775 1385
1455 1359

-1:4
1310 1225
1343 1355
1212 1390
1178 1260

-1:6
1856 1323
2127 1340
2151 1607
2069 1619
2031 1482
1857 1493

-1:4
1359 1457
1382 1702
1120 1715
1140 1480

-1:4
1514 1474
1864 1560
1836 1709
1484 1640

-1:6
954 2103
997 2218
956 2231
964 2261
831 2303
780 2163

-1:4
2516 2144
2503 2293
1421 2354
1371 2172

-1:6
1209 2183
1364 2354
1174 2527
1122 2468
1189 2425
1084 2294

-1:6
903 2368
920 2641
975 2628
988 2707
809 2727
773 2382

-1:7
2403 2437
2402 2571
1580 2633
1564 2634
1563 2592
1586 2591
1586 2450

-1:4
1455 2440
1461 2780
1310 2782
1322 2444

-1:4
2359 2632
2387 2797
1538 2882
1515 2730

-1:6
1069 2629
1267 2673
1247 2931
1083 2905
1122 2735
1052 2706

-1:4
737 2850
1005 2960
864 3194
634 3078

-1:4
2141 2946
2346 2956
2330 3148
2132 3139

-1:4
1574 3029
1688 3184
1564 3284
1446 3124

-1:8
1767 3056
1894 3070
1891 3128
1977 3140
1967 3228
1879 3221
1867 3329
1739 3315

-1:4
1131 3093
1414 3128
1373 3377
1190 3340

