1
-1:8
 120.000000 120.000000
 120.000000 960.000000
 1120.000000 960.000000
 1120.000000 800.000000
 1360.000000 800.000000
 1280.000000 520.000000
 1480.000000 440.000000
 1280.000000 120.000000
32
0:3
 360.612000 -207.569931
 284.928802 -233.493393
 412.459076 -358.936707
1:6
 -39.341077 -545.911289
 -73.243238 -473.449955
 -17.732984 -403.317143
 -102.488355 -222.163822
 -213.508863 -362.429447
 -111.802442 -579.813419
2:8
 -414.291533 623.486767
 -237.655242 595.209362
 65.493226 1017.703198
 -111.143127 1045.980541
 -181.100432 948.482006
 -92.782286 934.343334
 -279.335173 674.347118
 -367.653334 688.485790
3:4
 595.517630 -629.651257
 750.567923 -446.458996
 658.971732 -368.933849
 503.921469 -552.126110
4:4
 -356.788461 1310.410199
 -711.253396 986.752057
 -603.367349 868.597059
 -248.902383 1192.255170
5:3
 -392.754426 928.438253
 -433.991914 815.746358
 -204.934541 859.709127
6:3
 815.358203 1405.166494
 836.048754 1172.848012
 940.784533 1388.788808
7:4
 192.220261 1484.966675
 283.043518 1396.926025
 354.032471 1433.811890
 298.703735 1540.295410
8:4
 1767.330735 -8.333657
 1837.827195 -46.152261
 1913.464402 94.840720
 1824.058641 97.411093
9:4
 1630.588554 776.775374
 1541.178764 779.203414
 1428.060051 567.533492
 1517.469780 565.105513
10:4
 548.916626 984.587830
 627.355957 1027.567749
 619.835449 1227.426270
 539.892090 1224.418213
11:8
 1638.834894 137.416450
 1962.607965 372.301521
 1821.676813 566.565376
 1756.922296 519.588386
 1803.899347 454.833808
 1609.635553 313.902717
 1539.169977 411.034614
 1474.415277 364.057624
12:6
 1479.851929 1116.584351
 1406.092773 1085.606934
 1452.558960 974.968384
 1673.836182 1067.900391
 1611.881470 1215.418579
 1386.919800 1337.861572
13:5
 1232.095651 68.236162
 1025.615671 -83.309310
 945.684884 -79.982833
 942.358468 -159.913680
 1140.522043 -208.195235
14:4
 -29.721560 -198.046622
 111.630246 -339.537497
 236.092038 -316.971274
 77.850339 -11.423331
15:3
 713.257399 -73.757749
 508.412184 -299.231473
 670.569655 -269.149045
16:6
 779.824588 -330.949144
 935.746036 -462.434862
 1145.998294 -578.167253
 1328.279300 -495.865281
 1245.977420 -313.584214
 1082.985111 -360.844163
17:3
 966.701343 1297.183260
 1310.557911 1309.933779
 1309.863209 1454.154147
18:7
 1501.272339 49.890198
 1435.290527 -78.353333
 1528.577759 -163.778748
 1645.239502 -373.516724
 1555.883179 -377.447632
 1528.788574 -575.603882
 1773.483032 -439.498505
19:4
 -285.572372 479.143496
 -516.288010 637.794985
 -782.037826 674.903842
 -551.322189 516.252352
20:6
 -501.114012 -508.267286
 -527.270812 -269.696927
 -677.598754 -366.658262
 -664.520323 -485.943418
 -589.356383 -437.462766
 -576.277953 -556.747953
21:4
 -123.670186 223.885087
 -197.093282 318.801194
 -386.925497 171.955339
 -313.502523 77.039201
22:3
 -346.094524 22.535506
 -238.758282 -146.221483
 -79.184368 50.084822
23:3
 -506.159767 107.751392
 -509.390602 396.177387
 -709.194343 405.034016
24:13
 -149.885718 1148.427326
 -37.544470 1190.610798
 -51.605628 1228.057942
 -89.052710 1213.996784
 -103.113867 1251.443806
 -65.666785 1265.504963
 -79.727942 1302.952046
 -42.280798 1317.013203
 -56.341956 1354.460285
 -18.894873 1368.521381
 -32.956091 1405.968525
 4.491052 1420.029682
 -51.753577 1569.818073
25:3
 82.316180 445.144491
 -157.427839 525.908529
 81.551654 205.145711
26:3
 262.388641 1192.782593
 249.696976 993.185730
 393.914398 992.031555
27:16
 1990.224635 -72.352147
 1910.687403 -80.944432
 1914.983546 -120.713048
 1954.752162 -116.416906
 1959.048304 -156.185521
 1879.511073 -164.777806
 1892.399501 -284.083654
 1932.168116 -279.787511
 1927.871974 -240.018895
 1967.640590 -235.722753
 1963.344447 -195.954137
 2003.113063 -191.657994
 1998.816920 -151.889379
 2038.585475 -147.593236
 2034.289332 -107.824620
 1994.520778 -112.120763
28:6
 1232.911712 1126.690013
 1261.370635 1154.798533
 1205.153594 1211.716380
 1148.235747 1155.499339
 1176.344268 1127.040415
 1204.803191 1155.148936
29:3
 1790.094199 1372.084881
 1798.856894 972.180889
 1985.202719 1232.325481
30:5
 1864.741117 702.091381
 1941.467924 601.528027
 2105.796415 615.533276
 2040.987821 804.741772
 1965.304471 778.818310
31:4
 1755.932410 681.559036
 1788.881873 848.035263
 1777.610632 936.764938
 1644.660193 847.747177
