1
-1:4
 120.000000 120.000000
 120.000000 1120.000000
 1120.000000 1120.000000
 1120.000000 120.000000
20
0:4
 -140.063202 46.315918
 -498.484283 -131.263306
 -391.936737 -346.315918
 -33.515747 -168.736694
1:6
 -232.200134 1053.804199
 -602.163757 901.728882
 -541.333603 753.743408
 -319.355408 844.988586
 -258.525269 697.003174
 -110.539856 757.833374
2:6
 -499.252563 692.277405
 -535.852997 536.519897
 -691.610519 573.120361
 -728.210953 417.362793
 -494.574646 362.462097
 -421.373779 673.977173
3:4
 -373.584198 419.356628
 -411.512360 222.985901
 -254.415802 192.643372
 -216.487640 389.014099
4:4
 -242.779022 1649.457153
 -423.457123 1735.220947
 -509.220947 1554.542969
 -328.542877 1468.779053
5:4
 392.226257 1178.992920
 708.567383 1350.830811
 651.288086 1456.277954
 334.946945 1284.439941
6:4
 1436.071503 916.851624
 2036.054077 921.418091
 2035.445251 1001.415771
 1435.462646 996.849304
7:4
 1265.741577 646.652649
 1505.193237 662.867004
 1494.383667 822.501465
 1254.932007 806.287109
8:4
 -772.900146 1203.277832
 -817.514893 1136.873535
 -585.099854 980.722107
 -540.485107 1047.126343
9:4
 1562.491211 458.096069
 1473.261963 325.287476
 1606.070435 236.058044
 1695.299927 368.866577
10:4
 249.605103 -40.345520
 93.137878 84.225830
 18.395020 -9.654480
 174.862183 -134.225830
11:4
 1397.443604 -16.478699
 1504.332397 102.579132
 1295.981323 289.634705
 1189.092407 170.576874
12:4
 602.071777 -225.933228
 487.759521 -61.821411
 159.535706 -290.445923
 273.847961 -454.557770
13:4
 1040.445068 1242.941284
 958.125488 1510.566895
 805.196655 1463.527222
 887.516174 1195.901611
14:4
 1084.005859 -344.966919
 1229.546387 -278.499329
 1079.994141 48.966919
 934.453674 -17.500671
15:6
 2073.996216 566.318604
 1783.553528 700.643188
 1699.600708 519.116516
 1844.822021 451.954224
 1878.403137 524.564880
 2023.624451 457.402588
16:4
 673.571289 -595.360840
 798.142578 -438.893677
 641.675476 -314.322327
 517.104126 -470.789490
17:4
 365.216248 1712.164429
 -18.791412 1497.366455
 78.843994 1322.817505
 462.851624 1537.615479
18:4
 190.018494 -412.840424
 -49.561035 -427.041016
 -40.093994 -586.760712
 199.485535 -572.560120
19:4
 1553.922119 1169.018433
 1541.389648 1328.526855
 1262.250000 1306.595337
 1274.782227 1147.086914
