1
-1:4
 120.000000 120.000000
 120.000000 920.000000
 1320.000000 920.000000
 1320.000000 120.000000
27
0:8
 1687.380568 162.623655
 1927.381117 162.241453
 1927.635939 322.241270
 1847.636000 322.368650
 1847.508620 242.368772
 1767.508742 242.496153
 1767.636122 322.496061
 1687.636244 322.623472
1:8
 398.043042 1101.525622
 364.867200 1174.322345
 437.663923 1207.498187
 404.488080 1280.294940
 331.691358 1247.119097
 298.515516 1319.915789
 225.718793 1286.740008
 325.246320 1068.349780
2:12
 875.616152 1233.280012
 982.677187 1448.077498
 1054.276308 1412.390486
 1143.493838 1591.388289
 1215.092959 1555.701338
 1161.562441 1448.302595
 1233.161562 1412.615584
 1322.379091 1591.613509
 1107.581606 1698.674422
 1018.364199 1519.676619
 946.765017 1555.363631
 804.017031 1268.967024
3:4
 -75.575165 233.411133
 -166.023102 101.429382
 -21.812836 99.584320
 23.411102 165.575195
4:4
 648.627854 1032.228518
 710.753464 981.826052
 761.155930 1043.951662
 699.030320 1094.354128
5:3
 -380.093465 25.363799
 -340.872609 95.089812
 -484.682546 84.195098
6:4
 -496.794699 312.074085
 -369.841787 243.641956
 -444.917013 384.934925
 -571.869925 453.367054
7:10
 946.878337 -887.298691
 502.983256 -518.846299
 81.355937 -644.665268
 -203.014363 -1230.441239
 141.953410 -1127.498490
 130.515330 -1089.168747
 142.561809 -709.886643
 372.540385 -641.258164
 590.472392 -951.911728
 601.910502 -990.241440
8:4
 -160.558424 1799.451611
 -199.844557 1791.928417
 -109.567702 1320.494396
 -70.281569 1328.017468
9:3
 -405.018169 -150.444992
 -1055.265483 -116.116745
 -775.459453 -455.687912
10:3
 1982.553101 -59.599304
 1718.014893 -239.653412
 1961.432129 -170.747406
11:3
 1356.422360 -644.198051
 1334.632809 -533.179069
 1090.805295 -465.739235
12:3
 1524.422218 -254.482310
 1286.306495 -40.704539
 1295.433326 -210.164561
13:3
 1680.641113 434.376617
 1453.973877 826.067810
 1469.384766 573.555420
14:3
 1890.388973 39.437646
 1658.530697 14.105157
 1465.871029 -117.356833
15:6
 -727.070943 442.650375
 -803.955342 420.541946
 -781.846913 343.657516
 -897.173573 310.494842
 -875.065144 233.610397
 -682.854023 288.881515
16:6
 -1025.802738 414.462347
 -960.618472 460.841405
 -1146.134708 721.578313
 -1374.279513 559.251623
 -1327.900455 494.067388
 -1164.939884 610.015020
17:3
 -49.208716 -118.582081
 -234.004004 -328.940601
 -34.601111 -344.384266
18:3
 1771.489888 645.078214
 1973.617207 543.370207
 2075.325215 745.497526
19:3
 -113.679208 1126.774097
 124.606620 913.185993
 85.559196 1109.337208
20:3
 1087.726563 -273.307037
 1025.967041 -48.394257
 856.306396 -52.298706
21:3
 -158.196655 733.041382
 -26.326965 476.506012
 0.779542 714.970337
22:4
 1499.029519 1315.888704
 1514.923074 1237.483370
 1617.168679 1135.768954
 1601.275124 1214.174288
23:3
 727.146007 -454.187968
 867.266307 -276.518870
 708.371593 -295.293284
24:3
 359.554993 -190.266266
 458.712830 -315.835815
 453.732178 -115.897858
25:4
 -449.390528 471.762346
 -290.072901 457.001115
 -163.204066 525.589006
 -322.521693 540.350237
26:4
 -928.095360 1159.423339
 -723.268975 839.976745
 -490.635674 898.983336
 -462.828850 1277.436400
