1
-1:4
 120.000000 120.000000
 120.000000 920.000000
 1080.000000 920.000000
 1080.000000 120.000000
3
0:10
 -173.108002 94.895813
 -156.648682 294.217407
 -355.970215 310.676514
 -339.511108 509.998169
 -538.832702 526.457275
 -555.291840 327.135681
 -754.613434 343.594849
 -738.154297 542.916382
 -937.475891 559.375549
 -970.394135 160.732361
1:14
 363.010376 -225.710205
 248.175964 -389.457092
 84.429016 -274.622620
 -30.405426 -438.369568
 133.341553 -553.204041
 18.507080 -716.950928
 -145.239853 -602.116455
 -260.074295 -765.863373
 198.417053 -1087.399811
 405.119019 -792.655365
 274.121521 -700.787811
 411.922852 -504.291504
 542.920349 -596.159058
 657.754761 -432.412170
2:8
 1939.646362 -504.271790
 1776.963379 -387.935150
 1870.032593 -257.788635
 1674.812866 -118.184692
 1581.743591 -248.331177
 1288.914063 -38.925293
 1172.577423 -201.608398
 1823.309814 -666.954880
