1
-1:4
 120.000000 120.000000
 120.000000 1040.000000
 1160.000000 1040.000000
 1160.000000 120.000000
20
0:8
 -646.409545 1341.138169
 -858.169189 1228.188035
 -782.869079 1087.014756
 -676.989135 1143.489854
 -620.514037 1037.609971
 -726.393981 981.134873
 -651.093841 839.961595
 -439.333953 952.911790
1:3
 -24.398318 646.144872
 -442.061877 507.735570
 -100.558536 494.488622
2:3
 353.894572 1298.451573
 447.549571 1156.928623
 824.250438 1202.715733
3:3
 -208.233082 -52.711791
 425.706928 -201.440001
 113.244770 -27.177550
4:3
 33.969824 985.356382
 -283.825006 930.525328
 -305.378412 705.280027
5:3
 -950.785427 489.510596
 -571.328761 493.063087
 -358.790004 760.695777
6:3
 -535.511918 118.490250
 -230.564103 -252.194016
 -310.301164 96.578079
7:3
 1176.587822 555.211658
 1310.590873 372.884571
 1769.706901 464.604053
8:3
 1433.846266 877.351499
 1521.001540 1086.167051
 1251.355788 1321.307798
9:3
 574.304031 -799.714843
 586.640030 -31.438903
 455.097793 -441.678710
10:3
 -571.223020 -178.463506
 -787.459165 -487.723699
 -595.976560 -657.824773
11:3
 1465.042286 637.534635
 1808.002125 956.248441
 1830.757862 1313.294950
12:3
 1460.030180 -433.021285
 1309.813627 -19.457534
 1214.050993 -224.468550
13:3
 946.369730 -62.211860
 875.689737 -802.890144
 1089.098489 -535.950690
14:3
 357.834320 -479.870802
 76.894623 -321.526503
 -382.900085 -409.780806
15:3
 1615.647677 -0.948028
 1567.549044 -493.377258
 1703.893099 -594.423187
16:3
 1657.750756 72.971445
 1996.930505 567.902933
 1616.217004 295.401102
17:3
 1692.533584 -867.851371
 1526.660781 -672.694510
 1103.512221 -753.597831
18:8
 -14.802552 1108.469920
 74.414977 1287.467844
 -319.380372 1483.746287
 -408.597840 1304.748484
 -265.399537 1233.374461
 -318.930054 1125.975718
 -211.531312 1072.445200
 -158.000855 1179.843943
19:3
 -321.073321 296.193391
 -466.824054 383.122804
 -747.653613 188.354402
