1
-1:4
 120.000000 120.000000
 120.000000 1080.000000
 760.000000 1080.000000
 760.000000 120.000000
7
0:3
 -342.624927 350.891583
 -657.271495 409.183697
 -400.917652 36.245739
1:4
 1497.837219 -318.135803
 1252.785126 62.323730
 1062.555344 -60.202332
 1430.133514 -630.891632
2:4
 -744.828061 -329.901599
 -875.599531 -514.560290
 -402.454358 -433.729480
 -429.397931 -276.014392
3:5
 1766.594238 179.636292
 2058.299377 560.829285
 2028.470093 785.128662
 1804.170715 755.299316
 1512.465576 374.106384
4:4
 -505.576122 998.943459
 -46.677075 1139.697365
 -246.561413 1245.745705
 -552.494091 1151.909767
5:3
 487.881795 -605.046621
 526.695638 -287.409292
 170.244405 -566.232779
6:4
 1178.970539 547.403562
 1072.735248 849.254515
 877.119404 441.168333
 1081.162616 343.360349
