1
-1:4
 120.000000 120.000000
 120.000000 1080.000000
 600.000000 1080.000000
 600.000000 120.000000
16
0:4
 219.233994 -352.005554
 295.545044 -444.615906
 480.765686 -291.994415
 404.454956 -199.384094
1:4
 937.503636 -205.729729
 987.788548 -96.773675
 769.876438 3.796149
 719.591496 -105.159905
2:4
 -158.796951 946.319763
 -277.933990 931.954285
 -249.203049 693.680237
 -130.066025 708.045715
3:4
 956.937859 541.740960
 1042.381706 625.998528
 873.866569 796.886407
 788.422722 712.628778
4:4
 976.105312 11.946645
 1087.615810 56.279561
 998.950038 279.300557
 887.439540 234.967671
5:4
 45.797241 197.914185
 -15.652984 300.986328
 -221.797272 178.085815
 -160.347015 75.013680
6:4
 -610.958539 267.675824
 -577.887738 152.322797
 -347.181683 218.464398
 -380.252484 333.817425
7:4
 49.157661 72.643097
 124.653663 -155.173371
 238.561866 -117.425385
 163.065895 110.391083
8:4
 673.991537 1341.880698
 828.603780 1158.318625
 920.384847 1235.624777
 765.772543 1419.186850
9:4
 605.490099 1456.030274
 367.285357 1485.330323
 352.635332 1366.227967
 590.840075 1336.927918
10:4
 1165.498417 1155.564903
 938.510257 1233.516014
 899.534763 1120.021813
 1126.522953 1042.070763
11:4
 -151.638977 1354.090454
 4.511048 1171.834595
 95.638977 1249.909546
 -60.511047 1432.165405
12:4
 1353.570672 290.891445
 1435.576897 378.498470
 1260.362908 542.510799
 1178.356683 454.903805
13:4
 1135.904496 767.822240
 1229.844315 693.154240
 1379.180374 881.033818
 1285.240555 955.701848
14:4
 -61.506480 -374.285863
 -56.421275 -254.393651
 -296.205729 -244.223363
 -301.290873 -364.115575
15:4
 1134.878181 517.382085
 1018.038215 490.024785
 1072.752815 256.344853
 1189.592781 283.702153
