1
-1:4
 120.000000 120.000000
 120.000000 1080.000000
 1080.000000 1080.000000
 1080.000000 120.000000
16
0:4
 -564.608002 683.264099
 -389.264069 519.391357
 -225.391327 694.735901
 -400.735901 858.608643
1:4
 167.743469 -168.268250
 -25.731750 -26.256531
 -167.743469 -219.731750
 25.731750 -361.743469
2:4
 915.039612 -371.039841
 894.039856 -131.960358
 654.960388 -152.960175
 675.960144 -392.039658
3:4
 1722.055176 672.990540
 1591.009521 874.055237
 1389.944763 743.009460
 1520.990479 541.944763
4:4
 1964.253540 144.379028
 1782.620972 301.253540
 1625.746460 119.620972
 1807.379028 -37.253540
5:4
 443.238708 1173.649231
 670.350708 1251.238708
 592.761230 1478.350830
 365.649231 1400.761230
6:4
 905.686707 1596.645508
 883.354553 1357.686768
 1122.313354 1335.354492
 1144.645386 1574.313232
7:4
 -153.883209 1490.951782
 -215.951828 1259.116760
 15.883209 1197.048157
 77.951813 1428.883179
8:4
 -729.542297 1299.597412
 -777.597473 1064.457764
 -542.457703 1016.402527
 -494.402527 1251.542236
9:4
 1512.668152 1333.986206
 1430.013733 1108.668152
 1655.331848 1026.013733
 1737.986267 1251.331787
10:4
 956.649231 -537.238708
 1034.238770 -764.350738
 1261.350708 -686.761261
 1183.761230 -459.649231
11:4
 -917.232056 594.969421
 -677.969421 613.767883
 -696.767944 853.030518
 -936.030579 834.232178
12:4
 -252.796509 405.443115
 -380.443115 202.203491
 -177.203491 74.556885
 -49.556885 277.796509
13:4
 1470.152344 -360.907684
 1324.907715 -169.847595
 1133.847534 -315.092316
 1279.092285 -506.152435
14:4
 607.296021 -386.752441
 576.752441 -148.703979
 338.703979 -179.247559
 369.247559 -417.296021
15:4
 1564.249512 364.142212
 1459.857788 580.249512
 1243.750488 475.857788
 1348.142212 259.750488
