1
-1:4
 120.000000 360.000000
 120.000000 1000.000000
 600.000000 840.000000
 600.000000 200.000000
16
0:4
 703.598022 48.540619
 628.478394 150.310425
 536.402344 19.459381
 611.521606 -82.310425
1:4
 175.645874 -65.929810
 246.455078 38.884521
 92.354126 81.929810
 21.544922 -22.884521
2:4
 181.192078 1157.746338
 307.402283 1166.171631
 246.807922 1314.253662
 120.597702 1305.828369
3:4
 747.307137 907.800899
 770.879647 783.525570
 910.580941 861.522701
 887.008370 985.798030
4:4
 -148.671310 210.792053
 1.206390 266.798096
 -3.328674 393.207947
 -153.206390 337.201904
5:4
 717.014160 263.487610
 805.123901 397.041626
 726.985840 496.512390
 638.876099 362.958374
6:4
 393.649608 1188.597331
 511.546519 1080.429301
 622.146739 1141.809855
 504.249889 1249.977885
7:4
 -98.286045 1024.844311
 39.012813 1106.996715
 11.723202 1230.508983
 -125.575657 1148.356579
8:4
 1173.370517 630.019712
 1141.084018 473.311124
 1250.543918 409.919126
 1282.830356 566.627714
9:4
 961.846985 576.351624
 830.484680 485.006409
 866.153076 363.648376
 997.515320 454.993591
10:4
 1002.976845 748.525903
 1046.047585 629.593500
 1171.538125 728.851343
 1128.467385 847.783716
11:4
 969.355225 69.554291
 1002.379333 191.658356
 842.644775 182.445709
 809.620667 60.341644
12:4
 -235.851151 829.000549
 -162.617798 725.865356
 -68.148865 854.999451
 -141.382202 958.134644
13:4
 -41.156067 603.860535
 82.467285 577.078735
 65.156067 736.139465
 -58.467300 762.921265
14:4
 491.106760 -38.707689
 421.167764 66.689345
 322.666940 -59.396287
 392.605936 -164.793321
15:4
 771.252930 1087.896729
 875.888794 1158.969482
 748.747070 1256.103271
 644.111206 1185.030518
