1
-1:4
 120.000000 120.000000
 120.000000 920.000000
 920.000000 920.000000
 920.000000 120.000000
7
0:3
 -493.772003 -107.481049
 -137.434357 -289.203308
 -312.050476 248.857300
1:4
 -253.927094 821.213135
 -131.464233 1076.169678
 -263.957855 1453.589111
 -631.346527 688.719482
2:3
 -935.841431 772.607422
 -1212.196106 712.373535
 -1151.962402 436.019043
3:3
 1644.420044 1229.622803
 1091.806824 1350.530396
 1307.659668 1013.770020
4:4
 1593.846680 62.244629
 1859.755371 -34.153320
 1956.153320 231.755371
 1690.244629 328.153320
5:4
 1436.703857 -546.907746
 1176.453857 -243.148071
 894.448975 -221.393250
 872.694214 -503.398102
6:4
 474.308350 -902.082947
 540.494873 -627.093262
 331.691650 -285.916992
 265.505127 -560.906738
