1
-1:4
 120.000000 120.000000
 120.000000 920.000000
 920.000000 920.000000
 920.000000 120.000000
7
0:3
 356.110504 -789.158051
 206.901001 -3.195984
 -111.475037 -470.782013
1:3
 596.413788 -725.148773
 1024.001770 -354.786041
 653.639038 72.801880
2:4
 1021.666046 884.938477
 1150.720367 633.254150
 1531.458923 510.624084
 1402.404663 762.308350
3:3
 931.466980 -125.493164
 1465.334717 -312.536316
 1291.922424 47.919189
4:3
 1480.688721 55.494659
 1497.321045 455.148682
 1289.177795 263.637817
5:4
 -11.851685 561.241333
 -186.116333 784.023315
 -408.898316 609.758667
 -234.633667 386.976685
6:3
 -375.327393 135.139526
 -101.068237 65.988159
 -31.916870 340.247314
