5
-1:4
 1515.530000 85.008003
 1149.999268 289.998199
 1469.997925 529.998779
 1760.004272 287.499817
-1:13
 1413.082275 612.443237
 1205.002930 877.499268
 269.998016 845.000122
 137.501266 982.501221
 220.000305 1087.500366
 655.002625 1079.999146
 614.999695 1269.998291
 1025.000000 1254.999146
 1010.684692 1087.983154
 1482.501343 1102.501099
 1631.571899 1141.598389
 1590.001953 1070.002319
 1680.489990 607.491333
-1:4
 103.815750 1155.211304
 30.001568 1459.999878
 405.654968 1487.546753
 492.497925 1162.503540
-1:6
 867.500244 605.000244
 257.499329 602.499878
 267.500305 652.500305
 912.499084 650.000000
 935.001221 162.499390
 879.718872 160.196777
-1:3
 635.295471 431.831512
 761.125244 146.291290
 395.859039 489.194305
45
0:4
 1555.130005 -571.714722
 1203.283203 -344.055420
 946.488281 -530.705017
 1220.621582 -791.028717
1:6
 -174.607467 451.455253
 -174.806590 418.569511
 -48.014371 358.286002
 -0.905911 435.594535
 -92.980878 570.832999
 -242.161328 501.422233
2:4
 -64.328434 723.560494
 -118.651020 663.593758
 -84.284336 592.763131
 -37.083103 644.395821
3:6
 1195.167114 131.314850
 1192.995117 84.185028
 1369.671875 -13.296662
 1402.326538 53.909149
 1348.531372 87.556076
 1332.197998 68.625183
4:4
 1804.755694 -131.908144
 1686.229083 -188.396303
 1683.507098 -337.746645
 1802.053790 -333.675356
5:4
 1855.117798 1353.220459
 1811.991455 1364.936157
 1594.548950 1209.212036
 1667.549316 1142.876709
6:4
 567.665387 1581.568688
 510.546186 1444.969200
 593.850873 1463.186974
 637.910932 1606.104088
7:4
 1111.221973 -181.848624
 1233.645923 -151.480506
 1219.282886 -64.851630
 1046.905018 -125.858634
8:4
 442.815887 1894.010620
 617.031128 2008.936890
 565.021362 2104.068359
 400.385284 1970.890503
9:4
 524.230835 -106.654129
 464.796844 -230.941467
 549.019714 -293.414215
 577.122864 -137.565384
10:5
 -1043.037385 22.754132
 -1000.806306 -204.235370
 -907.595551 -234.557697
 -900.863526 -55.038410
 -938.177369 21.893841
11:5
 -907.019562 1581.183818
 -919.206268 1465.283793
 -737.413666 1299.343364
 -614.847321 1390.134990
 -773.563812 1585.622783
12:4
 478.859985 -710.053345
 630.852295 -722.856232
 609.953613 -532.519379
 483.563354 -591.459900
13:7
 1869.120697 2035.085422
 1802.414642 2157.554782
 1697.435394 2139.345065
 1696.775604 2057.781589
 1726.340790 2068.607517
 1808.052704 2019.782077
 1804.556244 2033.616062
14:4
 255.682504 224.204509
 360.967782 255.070292
 339.204293 410.193767
 249.426156 376.559184
15:5
 -272.913147 -153.278351
 -296.817627 -87.292938
 -382.995758 -46.869049
 -469.340210 -88.684616
 -426.377869 -184.671326
16:4
 -469.106792 1312.854817
 -558.137707 1277.289997
 -521.979412 1054.620442
 -452.970562 1055.566242
17:7
 1056.767590 542.485439
 1014.106640 528.247646
 1073.844433 459.945583
 1206.180493 493.765102
 1150.446118 558.607875
 1141.024304 600.559108
 1035.616955 587.602626
18:4
 800.763626 1523.751514
 749.985794 1541.024464
 709.463211 1319.107838
 814.548294 1323.151050
19:6
 84.686966 -9.815675
 127.845001 87.220078
 -1.872865 130.188751
 -39.261932 75.172119
 -129.508820 112.865295
 -140.479584 13.327943
20:4
 -207.508413 1206.650259
 -149.341909 1288.165274
 -167.427084 1320.510488
 -277.804373 1256.035635
21:4
 2045.600586 1964.579712
 2005.951050 1933.791138
 2136.561523 1860.465332
 2155.514648 1910.485840
22:4
 1993.654607 686.159661
 1953.744695 650.544000
 2015.765202 587.015649
 2098.430364 591.419457
23:4
 1947.921021 34.705276
 2019.186401 -18.244322
 2054.478760 25.062103
 1969.439087 63.606873
24:4
 2605.928467 2072.896973
 2441.144775 2024.434204
 2459.538086 1972.742798
 2610.885498 2003.784546
25:4
 1854.741089 1886.461182
 1714.014160 1920.740112
 1704.157959 1846.674072
 1838.871338 1807.521729
26:4
 -256.229370 1950.778809
 -305.482239 1917.314331
 -298.335907 1830.525146
 -196.874176 1822.171753
27:3
 183.585156 635.720595
 176.145702 772.324843
 105.563336 674.399123
28:5
 -244.156132 1643.297286
 -352.899907 1687.135665
 -400.261113 1618.206100
 -397.136113 1542.895553
 -217.538639 1595.560714
29:4
 -387.792511 561.611450
 -440.390533 474.446716
 -278.174469 409.910889
 -309.001526 559.373047
30:5
 941.192627 1482.411255
 1008.695374 1619.278442
 964.521851 1694.573486
 886.943970 1702.429321
 820.729675 1581.832153
31:3
 1780.272888 892.774123
 1830.498107 833.129653
 1850.323791 914.342300
32:5
 1120.932007 1793.499878
 1044.992310 1758.547363
 1029.519043 1682.263550
 1117.592285 1627.365112
 1224.465210 1722.468384
33:3
 -783.628174 255.483170
 -932.609253 319.245300
 -944.846863 216.187134
34:6
 -1163.649181 1205.531831
 -712.147106 795.340791
 -1003.587841 459.094636
 -961.263698 423.445161
 -648.573192 798.131135
 -1122.498592 1235.645479
35:5
 -183.460083 -186.301651
 -205.135498 -284.377625
 -119.074097 -297.023468
 -58.120728 -229.759720
 -146.477890 -169.221191
36:4
 1670.401978 1397.004272
 1776.729614 1384.108398
 1790.709839 1437.472412
 1713.536987 1452.798462
37:3
 1770.072388 55.314369
 1754.722778 132.482681
 1576.344971 108.042259
38:3
 2230.072716 762.327140
 2300.693688 602.200309
 2347.274377 675.662650
39:4
 923.195214 -11.176118
 816.096398 -62.163850
 866.670616 -184.580232
 964.378563 -145.282502
40:6
 1343.761597 1303.262939
 1325.249634 1370.725708
 1253.727295 1378.672363
 1244.141357 1355.579834
 1041.844727 1405.197754
 1025.658203 1325.341797
41:5
 1981.487793 377.279663
 1928.054810 470.278259
 1884.746460 436.592712
 1901.208496 412.798157
 1895.608032 348.635620
42:4
 365.562653 -146.167984
 406.210480 -24.030228
 247.915497 -28.654558
 190.901871 -152.775574
43:3
 2086.553284 907.642197
 2160.646546 920.559617
 2121.305482 987.722947
44:5
 1583.611856 1648.879100
 1493.530313 1798.425975
 1432.134561 1774.056224
 1460.925943 1589.123973
 1551.128336 1581.044993
