1
-1:8
 0.000000 0.000000
 0.000000 64.000000
 46.000000 64.000000
 46.000000 59.000000
 73.000000 59.000000
 73.000000 64.000000
 100.000000 64.000000
 100.000000 0.000000
38
0:9
 -39.350598 -46.993028
 -39.350598 -26.993028
 -43.350598 -26.993028
 -49.350598 -22.993028
 -54.350598 -22.993028
 -57.350598 -29.993028
 -57.350598 -41.993028
 -65.350598 -41.993028
 -65.350598 -46.993028
1:6
 64.708167 114.992530
 70.708167 114.992530
 70.708167 118.992530
 72.708167 123.992530
 68.708167 124.992530
 64.708167 118.992530
2:6
 -31.337649 25.847610
 -31.337649 21.847610
 -29.337649 16.847610
 -25.337649 17.847610
 -15.337649 19.847610
 -15.337649 25.847610
3:11
 26.648904 76.999502
 26.648904 82.999502
 22.648904 81.999502
 14.648904 80.999502
 8.648904 100.999502
 14.648904 110.999502
 17.648904 114.999502
 9.648904 114.999502
 9.648904 122.999502
 4.648904 122.999502
 4.648904 76.999502
4:5
 -18.403884 107.039343
 -10.403884 108.039343
 -12.403884 115.039343
 -13.403884 124.039343
 -24.403884 127.039343
5:5
 -13.960159 76.257968
 -9.960159 77.257968
 -4.960159 78.257968
 -6.960159 83.257968
 -15.960159 83.257968
6:5
 -7.781375 14.152390
 -5.781375 19.152390
 -4.781375 26.152390
 -12.781375 24.152390
 -12.781375 15.152390
7:4
 -25.032869 42.648904
 -17.032869 44.648904
 -17.032869 49.648904
 -25.032869 51.648904
8:4
 -9.403884 -3.297809
 -9.403884 -12.297809
 -0.403884 -13.297809
 -2.403884 -4.297809
9:9
 -58.893426 120.793825
 -62.893426 119.793825
 -52.893426 109.793825
 -52.893426 93.793825
 -58.893426 83.793825
 -53.893426 82.793825
 -46.893426 93.793825
 -46.893426 109.793825
 -51.893426 117.793825
10:6
 -32.522908 -9.079183
 -31.522908 -13.079183
 -22.522908 -9.079183
 -20.522908 -5.079183
 -13.522908 0.920817
 -22.522908 0.920817
11:5
 -30.304283 40.774900
 -34.304283 31.774900
 -27.304283 28.774900
 -23.304283 34.774900
 -22.304283 38.774900
12:9
 -55.045817 25.821215
 -67.045817 25.821215
 -62.045817 17.821215
 -62.045817 1.821215
 -57.045817 1.821215
 -57.045817 -6.178785
 -50.045817 -6.178785
 -50.045817 17.821215
 -55.045817 17.821215
13:6
 112.211155 75.244522
 113.211155 79.244522
 117.211155 85.244522
 110.211155 89.244522
 106.211155 81.244522
 103.211155 77.244522
14:5
 -18.257968 99.012948
 -29.257968 96.012948
 -23.257968 86.012948
 -13.257968 91.012948
 -15.257968 95.012948
15:10
 -75.906375 68.218127
 -71.906375 70.218127
 -65.906375 77.218127
 -65.906375 84.218127
 -71.906375 94.218127
 -75.906375 93.218127
 -80.906375 92.218127
 -89.906375 90.218127
 -89.906375 75.218127
 -82.906375 71.218127
16:4
 -26.509462 -30.270916
 -16.509462 -25.270916
 -19.509462 -21.270916
 -28.509462 -26.270916
17:10
 -35.343625 41.158865
 -40.343625 50.158865
 -40.343625 58.158865
 -87.343625 58.158865
 -87.343625 50.158865
 -77.343625 53.158865
 -70.343625 54.158865
 -55.343625 52.158865
 -48.343625 50.158865
 -50.343625 41.158865
18:8
 34.000000 -16.000000
 34.000000 -24.000000
 27.000000 -24.000000
 27.000000 -47.000000
 32.000000 -47.000000
 46.000000 -32.000000
 46.000000 -27.000000
 39.000000 -16.000000
19:4
 58.542829 103.238048
 56.542829 96.238048
 65.542829 96.238048
 67.542829 101.238048
20:5
 65.675299 80.860558
 67.675299 85.860558
 68.675299 89.860558
 59.675299 89.860558
 56.675299 82.860558
21:5
 17.079681 -8.430279
 12.079681 -9.430279
 13.079681 -18.430279
 21.079681 -20.430279
 20.079681 -15.430279
22:5
 119.270916 6.649402
 118.270916 -2.350598
 128.270916 -0.350598
 128.270916 4.649402
 123.270916 5.649402
23:4
 128.853586 39.423805
 131.853586 27.423805
 139.853586 24.423805
 137.853586 39.423805
24:4
 50.364044 112.204681
 50.364044 121.204681
 42.364044 123.204681
 45.364044 113.204681
25:7
 129.535857 108.105080
 114.535857 122.105080
 94.535857 123.105080
 87.535857 123.105080
 87.535857 118.105080
 106.535857 118.105080
 128.535857 103.105080
26:5
 135.469622 -24.774402
 113.469622 -9.774402
 99.469622 -9.774402
 111.469622 -15.774402
 119.469622 -24.774402
27:6
 62.000000 2.000000
 63.000000 -3.000000
 65.000000 -11.000000
 74.000000 -10.000000
 72.000000 -4.000000
 72.000000 2.000000
28:5
 3.974104 -21.661853
 -6.025896 -24.661853
 -4.025896 -31.661853
 -3.025896 -35.661853
 4.974104 -30.661853
29:4
 51.635956 88.834163
 48.635956 96.834163
 41.635956 95.834163
 44.635956 86.834163
30:4
 119.694721 26.893924
 119.694721 32.893924
 113.694721 32.893924
 113.694721 26.893924
31:4
 113.092131 8.887450
 111.092131 14.887450
 104.092131 13.887450
 107.092131 8.887450
32:4
 120.509462 91.112052
 125.509462 83.112052
 130.509462 85.112052
 127.509462 92.112052
33:5
 97.609064 -49.634960
 94.609064 -40.634960
 84.609064 -43.634960
 88.609064 -52.634960
 93.609064 -50.634960
34:5
 80.000000 -24.000000
 80.000000 -19.000000
 60.000000 -20.000000
 53.000000 -20.000000
 53.000000 -24.000000
35:7
 105.099104 98.330677
 105.099104 103.330677
 78.099104 103.330677
 78.099104 81.330677
 97.099104 81.330677
 93.099104 90.330677
 93.099104 98.330677
36:5
 -6.012450 55.430279
 -21.012450 75.430279
 -33.012450 66.430279
 -30.012450 62.430279
 -18.012450 56.430279
37:6
 121.820717 49.986554
 146.820717 49.986554
 146.820717 67.986554
 127.820717 67.986554
 124.820717 60.986554
 121.820717 55.986554
