1
-1:8
 0.000000 0.000000
 0.000000 64.000000
 46.000000 64.000000
 46.000000 59.000000
 73.000000 59.000000
 73.000000 64.000000
 100.000000 64.000000
 100.000000 0.000000
38
0:9
 -10.377853 -20.845492
 -36.377853 -20.845492
 -36.377853 -25.845492
 -28.377853 -25.845492
 -28.377853 -37.845492
 -25.377853 -44.845492
 -20.377853 -44.845492
 -14.377853 -40.845492
 -10.377853 -40.845492
1:6
 -6.359511 -16.357184
 -6.359511 -20.357184
 -2.359511 -26.357184
 1.640489 -25.357184
 -0.359511 -20.357184
 -0.359511 -16.357184
2:6
 10.204639 105.649083
 10.204639 101.649083
 12.204639 96.649083
 16.204639 97.649083
 26.204639 99.649083
 26.204639 105.649083
3:11
 -41.903853 11.697344
 -41.903853 17.697344
 -45.903853 16.697344
 -53.903853 15.697344
 -59.903853 35.697344
 -53.903853 45.697344
 -50.903853 49.697344
 -58.903853 49.697344
 -58.903853 57.697344
 -63.903853 57.697344
 -63.903853 11.697344
4:5
 -16.619903 88.705574
 -17.619903 96.705574
 -24.619903 94.705574
 -33.619903 93.705574
 -36.619903 82.705574
5:5
 -33.425739 64.058361
 -32.425739 60.058361
 -31.425739 55.058361
 -26.425739 57.058361
 -26.425739 66.058361
6:5
 -23.611672 47.129443
 -22.611672 42.129443
 -13.611672 42.129443
 -11.611672 50.129443
 -18.611672 49.129443
7:4
 -12.573783 14.908668
 -10.573783 6.908668
 -5.573783 6.908668
 -3.573783 14.908668
8:4
 33.146785 -4.951975
 26.146785 -5.951975
 24.146785 -14.951975
 33.146785 -13.951975
9:9
 -2.000000 21.000000
 -5.000000 28.000000
 -13.000000 33.000000
 -29.000000 33.000000
 -40.000000 26.000000
 -39.000000 21.000000
 -29.000000 27.000000
 -13.000000 27.000000
 -3.000000 17.000000
10:6
 -19.004115 -4.133558
 -29.004115 5.866442
 -38.004115 5.866442
 -31.004115 -0.133558
 -29.004115 -4.133558
 -20.004115 -8.133558
11:5
 -5.984719 -10.162934
 -1.984719 -1.162934
 -8.984719 1.837066
 -12.984719 -4.162934
 -13.984719 -8.162934
12:9
 15.716410 -49.885169
 15.716410 -41.885169
 20.716410 -41.885169
 20.716410 -17.885169
 13.716410 -17.885169
 13.716410 -25.885169
 8.716410 -25.885169
 8.716410 -41.885169
 3.716410 -49.885169
13:6
 2.392421 -10.719162
 6.392421 -11.719162
 12.392421 -15.719162
 16.392421 -8.719162
 8.392421 -4.719162
 4.392421 -1.719162
14:5
 -14.846616 70.572620
 -17.846616 66.572620
 -19.846616 62.572620
 -9.846616 57.572620
 -3.846616 67.572620
15:10
 39.720165 -19.008230
 35.720165 -21.008230
 29.720165 -28.008230
 29.720165 -35.008230
 35.720165 -45.008230
 39.720165 -44.008230
 44.720165 -43.008230
 53.720165 -41.008230
 53.720165 -26.008230
 46.720165 -22.008230
16:4
 -54.941264 66.058361
 -50.941264 64.058361
 -45.941264 73.058361
 -49.941264 76.058361
17:10
 -21.375608 72.590722
 -6.375608 72.590722
 -8.375608 81.590722
 -1.375608 83.590722
 13.624392 85.590722
 20.624392 84.590722
 30.624392 81.590722
 30.624392 89.590722
 -16.375608 89.590722
 -16.375608 81.590722
18:8
 81.062477 -14.532361
 81.062477 -22.532361
 74.062477 -22.532361
 74.062477 -45.532361
 79.062477 -45.532361
 93.062477 -30.532361
 93.062477 -25.532361
 86.062477 -14.532361
19:4
 78.119008 73.144399
 69.119008 71.144399
 71.119008 66.144399
 80.119008 66.144399
20:5
 125.713400 46.738187
 127.713400 37.738187
 134.713400 40.738187
 134.713400 49.738187
 130.713400 48.738187
21:5
 60.137673 72.770296
 55.137673 71.770296
 56.137673 62.770296
 64.137673 60.770296
 63.137673 65.770296
22:5
 34.597082 77.987280
 35.597082 73.987280
 36.597082 68.987280
 41.597082 68.987280
 43.597082 78.987280
23:4
 90.663674 86.565657
 87.663674 98.565657
 79.663674 101.565657
 81.663674 86.565657
24:4
 124.630650 0.551531
 129.630650 1.551531
 132.630650 11.551531
 124.630650 9.551531
25:7
 127.584362 -3.615788
 113.584362 -18.615788
 112.584362 -38.615788
 112.584362 -45.615788
 117.584362 -45.615788
 117.584362 -26.615788
 132.584362 -4.615788
26:5
 116.943509 19.194164
 101.943509 -2.805836
 101.943509 -16.805836
 107.943509 -4.805836
 116.943509 3.194164
27:6
 119.246165 56.346427
 129.246165 56.346427
 129.246165 62.346427
 131.246165 68.346427
 122.246165 69.346427
 120.246165 61.346427
28:5
 -45.256778 38.789698
 -36.256778 37.789698
 -31.256778 45.789698
 -35.256778 46.789698
 -42.256778 48.789698
29:4
 104.900465 66.678156
 102.900465 59.678156
 111.900465 56.678156
 112.900465 63.678156
30:4
 87.223345 69.670034
 93.223345 69.670034
 93.223345 75.670034
 87.223345 75.670034
31:4
 108.680509 39.970819
 114.680509 39.970819
 117.680509 44.970819
 110.680509 45.970819
32:4
 76.512114 -15.925402
 77.512114 -8.925402
 70.512114 -5.925402
 68.512114 -10.925402
33:5
 50.095275 -16.749419
 54.095275 -17.749419
 59.095275 -19.749419
 63.095275 -10.749419
 53.095275 -7.749419
34:5
 137.724280 29.187804
 110.724280 29.187804
 110.724280 25.187804
 117.724280 25.187804
 137.724280 24.187804
35:7
 114.939394 72.173214
 114.939394 84.173214
 122.939394 84.173214
 131.939394 80.173214
 131.939394 99.173214
 109.939394 99.173214
 109.939394 72.173214
36:5
 72.398803 84.152263
 64.398803 93.152263
 52.398803 99.152263
 47.398803 99.152263
 47.398803 84.152263
37:6
 -65.705200 -20.882903
 -65.705200 -45.882903
 -47.705200 -45.882903
 -47.705200 -26.882903
 -54.705200 -23.882903
 -59.705200 -20.882903
