1
-1:9
3674 1348
2485 1259
2394 2456
3603 2544
3629 2164
3529 2156
3518 2117
3554 1558
3667 1543

25
-1:6
1999 320
2229 335
2243 513
2176 525
2148 456
2001 469

-1:4
2944 371
3101 459
3014 606
2857 525

-1:4
1680 576
1827 759
1648 888
1533 726

-1:4
4391 1034
4569 1140
4494 1290
4308 1177

-1:4
1415 1124
1590 1150
1569 1324
1386 1299

-1:6
2868 1413
3099 1444
3074 1654
2920 1638
2929 1484
2857 1487

-1:4
4424 1441
4525 1511
4463 1610
4362 1542

-1:4
3452 1544
3452 1774
3190 1767
3284 1546

-1:6
1967 1594
1937 1843
1684 1847
1694 1690
1850 1700
1895 1581

-1:6
2826 1657
2844 1776
2819 1796
2819 1831
2708 1840
2692 1667

-1:4
4221 1920
4327 1722
4549 1756
4522 1952

-1:4
1145 1829
1371 1850
1360 2058
1123 2014

-1:8
3291 1913
3327 2149
3122 2183
3118 2130
3192 2117
3185 2031
3104 2032
3091 1941

-1:6
2915 1922
2920 2057
2695 2075
2688 1970
2749 1962
2758 1933

-1:6
4613 2123
4607 2324
4647 2347
4644 2446
4403 2439
4406 2142

-1:5
2679 2216
3465 2286
3459 2419
3432 2432
2666 2372

-1:8
1360 2313
1433 2406
1361 2471
1405 2535
1343 2588
1288 2531
1246 2560
1173 2467

-1:5
4460 2561
4496 3325
4374 3339
4338 3363
4343 2566

-1:4
2422 2942
2690 2958
2687 3195
2446 3200

-1:8
2990 3109
3022 2963
3062 2945
4031 2987
4052 3002
4064 3106
4041 3135
3043 3126

-1:7
1979 3187
1995 3329
1917 3315
1662 3370
1654 3399
1592 3410
1567 3243

-1:4
3252 3330
3565 3328
3566 3467
3250 3457

-1:4
3023 3334
3099 3456
2940 3549
2867 3421

-1:4
4145 3378
4137 3534
3806 3525
3812 3381

-1:6
2357 3439
2430 3438
2435 3489
2683 3467
2693 3589
2366 3609

