1
-1:4
 150.000000 150.000000
 150.000000 1100.000000
 1400.000000 1100.000000
 1400.000000 150.000000
12
0:6
 545.145996 54.900391
 306.933525 -254.542969
 654.260162 -433.048401
 523.935974 -308.486755
 404.523270 -232.719971
 491.201538 -162.102173
1:4
 -738.899933 1179.028748
 -577.507843 1024.262512
 -434.242706 979.820374
 -261.349487 1030.888306
2:3
 -152.319794 881.574646
 22.608307 532.432556
 27.711487 1293.992798
3:3
 -775.930603 609.527832
 -1240.879089 6.350464
 -731.190308 119.121643
4:3
 1463.343079 816.804077
 1951.619019 880.730835
 2530.037964 1468.465088
5:3
 1933.534058 -1130.344193
 1591.317749 -1.013428
 1532.148376 -616.642395
6:3
 45.539783 -1395.151496
 632.309193 -1111.071174
 544.669910 -586.839057
7:3
 -656.696546 -109.284811
 -794.102430 -922.377524
 -396.139295 -1260.201864
8:3
 2530.584473 945.262817
 1792.754883 296.720306
 2167.660645 406.016846
9:3
 -69.089508 -596.054626
 40.906311 -221.353516
 -307.816833 -45.591888
10:3
 744.557678 -66.993530
 1101.509644 -982.190338
 1218.932739 -463.816132
11:3
 -203.914551 -4.089355
 -150.436707 94.094757
 -289.648758 118.994568
