1
-1:4
240.000000 200.000000
240.000000 880.000000
720.000000 880.000000
720.000000 200.000000
7
0:6
1128.199951 292.832886
715.911682 47.031921
756.878540 -21.682800
859.295593 -193.469727
961.712708 -365.256653
1374.001221 -119.455688
1:4
793.294739 948.744324
773.255676 871.294739
850.705261 851.255676
870.744324 928.705261
2:5
558.676453 198.825989
542.907837 277.256531
503.692566 269.372192
464.477295 261.487854
480.245911 183.057312
3:4
475.766479 557.588867
454.411133 523.766479
488.233521 502.411133
509.588867 536.233521
4:4
137.250610 730.760864
151.239197 531.250610
350.749390 545.239136
336.760803 744.749390
5:6
484.339325 820.972656
555.693604 857.146729
627.047913 893.320801
662.725037 911.407898
572.289795 1089.793701
393.904083 999.358398
6:4
439.286499 706.734131
477.265869 719.286499
464.713501 757.265869
426.734131 744.713501
