1
-1:4
 200.000000 100.000000
 200.000000 1050.000000
 1400.000000 1050.000000
 1400.000000 100.000000
9
0:4
 1658.960546 -312.047092
 1461.277440 -281.687138
 1415.737401 -578.210484
 1613.419530 -608.570469
1:4
 736.428422 -672.528677
 579.901322 -197.661184
 294.980668 -291.577444
 451.507768 -766.444998
2:4
 1515.357658 147.858757
 1682.074944 -38.434822
 1905.627190 161.626030
 1738.909904 347.919670
3:4
 -326.449482 -700.806068
 -146.290882 -613.956398
 -298.277790 -298.678825
 -478.436420 -385.528465
4:4
 869.282079 -525.866624
 1029.606053 -645.433427
 1358.414891 -204.542436
 1198.090917 -84.975663
5:4
 -627.294768 354.912001
 -340.208709 764.279249
 -626.765807 965.239576
 -913.851897 555.872206
6:4
 -537.214202 -165.856734
 -569.227874 82.085038
 -916.346404 37.265824
 -884.332702 -210.675948
7:4
 -300.163293 1015.068966
 -73.890588 1121.373653
 -307.760949 1619.173458
 -534.033654 1512.868771
8:4
 603.819598 1882.485700
 398.486224 1426.593061
 899.968219 1200.726300
 1105.301654 1656.619000
