1
-1:5
 450.957000 537.800232
 581.022034 1144.769165
 1560.343750 1330.839844
 1799.359009 865.902710
 1325.447998 244.975586
13
0:3
 921.785034 1896.180542
 859.370239 1428.356201
 1131.869629 1345.568970
1:3
 -596.286180 1283.042679
 -188.365861 857.707230
 -451.785508 1340.441605
2:4
 222.253078 956.233967
 486.901820 1438.295368
 -140.437718 1296.210895
 -155.967351 1228.242756
3:4
 1204.458862 -85.059586
 563.005981 -132.821579
 746.355957 -448.748016
 1097.044067 -359.525360
4:3
 1623.549222 1698.717541
 1542.199857 2051.315442
 1413.525541 1786.383923
5:3
 511.926270 163.507690
 223.285645 104.920410
 567.123535 -46.548309
6:4
 2190.516602 689.960083
 2524.378906 517.613953
 2443.534424 730.859253
 2154.094482 874.005432
7:3
 -443.887024 -2.588287
 -98.145447 -266.906567
 -47.566223 290.591980
8:3
 2231.877686 539.777161
 1753.585449 659.198975
 1811.354126 380.321960
9:3
 1475.527710 -109.476814
 1933.448486 173.242096
 1589.519043 212.283264
10:3
 -603.094727 412.936707
 -416.730042 526.871399
 -659.218292 773.875732
11:4
 2414.321777 1417.308533
 2165.462646 1894.477905
 1878.008057 1699.631592
 2186.379883 1410.108215
12:3
 60.025054 464.814673
 407.278777 706.334387
 -114.633271 736.403723
