1
-1:4
 292.000000 657.000000
 860.000000 1297.000000
 1592.000000 765.000000
 845.000000 120.000000
7
0:5
 -1455.000000 -613.000000
 -1065.000000 -828.000000
 -908.000000 -765.000000
 -970.000000 -155.000000
 -1245.000000 -175.000000
1:4
 1777.000000 55.000000
 1360.000000 260.000000
 1280.000000 92.000000
 1467.000000 -145.000000
2:4
 -163.000000 787.000000
 -875.000000 572.000000
 -768.000000 407.000000
 -260.000000 192.000000
3:3
 382.000000 -1145.000000
 772.000000 -948.000000
 210.000000 -878.000000
4:4
 -330.000000 -685.000000
 -178.000000 -573.000000
 -218.000000 -460.000000
 -388.000000 -545.000000
5:4
 1207.000000 -365.000000
 1057.000000 -248.000000
 957.000000 -410.000000
 1110.000000 -525.000000
6:4
 132.000000 -95.000000
 375.000000 -38.000000
 330.000000 155.000000
 72.000000 85.000000
