1
-1:6
 400.000000 420.000000
 400.000000 780.000000
 760.000000 960.000000
 1120.000000 780.000000
 1120.000000 420.000000
 760.000000 240.000000
27
0:4
 -49.500198 82.460266
 -0.230102 207.249939
 -70.499908 321.539734
 -119.769867 196.750061
1:4
 254.757629 543.650391
 122.772247 519.570068
 89.242371 404.349640
 221.227753 428.429962
2:4
 1418.187752 802.051587
 1385.717781 671.875927
 1470.376350 567.794567
 1502.846321 697.970227
3:4
 1151.060176 1030.933114
 1255.823115 1114.746713
 1251.630000 1248.845224
 1146.867061 1165.031625
4:4
 -69.172478 1081.591241
 64.766456 1073.821466
 124.557868 1177.864679
 -9.381066 1185.634454
5:4
 44.274330 718.400149
 -30.509545 829.788516
 -149.533806 814.516727
 -74.749901 703.128360
6:4
 658.474367 1042.209419
 770.457033 1085.335884
 671.339235 1175.755317
 559.356630 1132.628852
7:4
 880.180054 1330.571533
 762.321533 1308.002319
 843.819946 1201.428467
 961.678467 1223.997681
8:4
 1330.565172 738.410357
 1212.706651 715.841082
 1176.346666 586.697955
 1294.205187 609.267230
9:4
 1475.274902 489.741211
 1446.564941 373.226257
 1548.725098 286.258789
 1577.435059 402.773743
10:4
 1460.101250 1084.278233
 1388.284600 988.141026
 1448.513360 868.255773
 1520.330132 964.392980
11:4
 420.963226 1168.922304
 540.937286 1166.426943
 603.419707 1285.153262
 483.445586 1287.648623
12:4
 1362.594224 890.717587
 1241.510240 948.498684
 1122.634935 886.300045
 1243.718980 828.518978
13:4
 410.049073 1016.842377
 312.217347 947.351716
 332.792237 814.774751
 430.623902 884.265412
14:4
 733.725104 -266.474446
 778.307868 -139.934407
 650.326178 -180.192220
 605.743414 -306.732259
15:4
 970.342895 101.148150
 1086.880737 72.531024
 1057.228881 203.377398
 940.691039 231.994524
16:4
 1387.777410 11.296022
 1380.689885 145.272767
 1277.761052 59.216798
 1284.848577 -74.759947
17:4
 -98.006049 1011.036728
 -182.830206 907.090317
 -65.743353 880.809556
 19.080804 984.755967
18:4
 368.224847 -61.723430
 289.715326 -152.477275
 419.723871 -185.609904
 498.233392 -94.856059
19:4
 -122.286436 659.744021
 -255.068602 678.950076
 -217.320616 565.041873
 -84.538450 545.835818
20:4
 245.880615 567.854248
 314.714294 683.014648
 250.119385 784.145752
 181.285706 668.985352
21:4
 91.717773 118.601074
 219.699463 158.858887
 264.282227 285.398926
 136.300537 245.141113
22:4
 740.573776 50.120005
 764.006332 -81.981893
 860.314864 -10.395131
 836.882308 121.706736
23:4
 11.507258 -135.434520
 121.510066 -212.241924
 116.954280 -78.155224
 6.951472 -1.347850
24:4
 1291.941638 489.499949
 1159.211780 469.934702
 1227.955798 371.576975
 1360.685656 391.142222
25:4
 -55.323059 353.859802
 30.759705 270.255005
 71.323059 398.140198
 -14.759704 481.744995
26:4
 1125.458039 1199.440731
 1004.438325 1141.524959
 978.159089 1009.959773
 1099.178803 1067.875545
