2
-1:11
 120.000000 630.000000
 180.000000 735.000000
 337.000000 615.000000
 330.000000 1225.000000
 145.000000 1230.000000
 162.000000 1377.000000
 725.000000 1380.000000
 715.000000 1227.000000
 555.000000 1222.000000
 575.000000 342.000000
 292.000000 350.000000
-1:8
 1012.000000 315.000000
 1000.000000 735.000000
 1470.000000 742.000000
 1422.000000 1230.000000
 1050.000000 1217.000000
 1065.000000 1332.000000
 1590.000000 1342.000000
 1637.000000 312.000000
17
0:3
 -153.000000 727.000000
 42.000000 830.000000
 -158.000000 847.000000
1:5
 240.000000 -200.000000
 450.000000 -125.000000
 185.000000 62.000000
 150.000000 -285.000000
 307.000000 -358.000000
2:6
 -373.000000 1400.000000
 -393.000000 1300.000000
 -278.000000 1302.000000
 -235.000000 1532.000000
 -380.000000 1557.000000
 -443.000000 1417.000000
3:4
 -88.000000 1072.000000
 -108.000000 1202.000000
 -317.000000 1092.000000
 -300.000000 990.000000
4:5
 822.000000 1820.000000
 627.000000 1825.000000
 545.000000 1752.000000
 715.000000 1592.000000
 900.000000 1592.000000
5:4
 330.000000 1635.000000
 237.000000 1582.000000
 287.000000 1432.000000
 392.000000 1505.000000
6:6
 1092.000000 1027.000000
 895.000000 1152.000000
 850.000000 1042.000000
 897.000000 1015.000000
 847.000000 930.000000
 1002.000000 887.000000
7:4
 42.000000 1662.000000
 -115.000000 1612.000000
 -115.000000 1550.000000
 37.000000 1535.000000
8:5
 -150.000000 -135.000000
 110.000000 -20.000000
 -135.000000 460.000000
 -198.000000 235.000000
 -135.000000 212.000000
9:3
 2200.000000 385.000000
 1887.000000 665.000000
 1882.000000 315.000000
10:3
 1040.000000 32.000000
 1282.000000 -180.000000
 1502.000000 -23.000000
11:3
 1770.000000 -453.000000
 1950.000000 147.000000
 1615.000000 -140.000000
12:3
 565.000000 55.000000
 772.000000 -340.000000
 1020.000000 162.000000
13:3
 2202.000000 1610.000000
 2007.000000 1635.000000
 1857.000000 1260.000000
14:3
 1135.000000 1677.000000
 1107.000000 1877.000000
 992.000000 1335.000000
15:3
 2270.000000 1010.000000
 1905.000000 842.000000
 2370.000000 835.000000
16:3
 1632.000000 1750.000000
 1110.000000 1557.000000
 1630.000000 1630.000000
