1
-1:4
 370.000000 1315.000000
 1792.000000 1347.000000
 1750.000000 270.000000
 405.000000 337.000000
13
0:4
 50.000000 1462.000000
 -88.000000 1412.000000
 -45.000000 1232.000000
 112.000000 1272.000000
1:6
 -70.000000 -415.000000
 -10.000000 -565.000000
 -178.000000 -638.000000
 -45.000000 -880.000000
 337.000000 -648.000000
 190.000000 -280.000000
2:8
 2190.000000 -665.000000
 1820.000000 -523.000000
 1855.000000 -345.000000
 1682.000000 -213.000000
 1710.000000 -28.000000
 1657.000000 -15.000000
 1522.000000 -730.000000
 2105.000000 -968.000000
3:4
 -390.000000 725.000000
 -513.000000 650.000000
 -460.000000 590.000000
 -325.000000 637.000000
4:6
 -453.000000 1015.000000
 -530.000000 1135.000000
 -485.000000 1202.000000
 -603.000000 1317.000000
 -708.000000 1200.000000
 -548.000000 900.000000
5:6
 1030.000000 62.000000
 1280.000000 -163.000000
 1215.000000 -313.000000
 1377.000000 -395.000000
 1480.000000 -110.000000
 1065.000000 162.000000
6:10
 -1425.000000 -143.000000
 -938.000000 -95.000000
 -835.000000 -380.000000
 -698.000000 -350.000000
 -398.000000 -1012.000000
 -325.000000 -987.000000
 -445.000000 -717.000000
 -345.000000 -585.000000
 -660.000000 127.000000
 -1445.000000 -90.000000
7:7
 217.000000 -60.000000
 812.000000 -628.000000
 140.000000 -1580.000000
 187.000000 -1620.000000
 1012.000000 -775.000000
 992.000000 -525.000000
 347.000000 90.000000
8:3
 85.000000 1100.000000
 -95.000000 1150.000000
 37.000000 940.000000
9:4
 -53.000000 950.000000
 -148.000000 1012.000000
 -170.000000 965.000000
 -103.000000 862.000000
10:6
 -102.000000 670.000000
 -110.000000 570.000000
 72.000000 580.000000
 172.000000 772.000000
 5.000000 775.000000
 -50.000000 670.000000
11:6
 -255.000000 397.000000
 -293.000000 352.000000
 -185.000000 267.000000
 -208.000000 182.000000
 -33.000000 57.000000
 -13.000000 227.000000
12:4
 120.000000 328.000000
 205.000000 348.000000
 153.000000 513.000000
 88.000000 458.000000
