1
-1:5
 299.110000 538.398499
 501.511841 1249.999878
 1259.145508 1249.999512
 1599.757080 677.481873
 853.727051 306.647736
11
0:3
 -620.905029 519.296297
 -81.604385 253.846102
 -167.914658 541.663179
1:3
 -305.847170 947.948542
 -740.425020 1092.783015
 -1005.635225 707.864680
2:3
 226.577751 -692.460170
 -9.918145 -305.458644
 -177.232141 -476.190517
3:3
 833.303420 1445.550349
 564.822646 1869.071833
 177.016859 1824.096248
4:3
 1698.602076 1518.788803
 1714.168482 1985.967971
 1377.483851 1903.932327
5:3
 133.993201 1357.950139
 -170.996957 1180.309636
 64.235511 695.435247
6:3
 -361.868398 70.590998
 -751.841299 52.228877
 -657.598806 -122.070745
7:3
 1541.433631 167.982459
 2074.980018 477.169959
 2071.413367 810.788612
8:3
 1096.194712 -299.026851
 1537.152598 10.801397
 1322.398936 274.645879
9:3
 1619.013438 978.184660
 1949.381968 931.592924
 1863.193003 1153.297331
10:5
 564.469181 122.543581
 224.434897 112.068750
 215.338557 -85.868717
 519.285272 -252.309920
 686.599257 -81.578058
