2
-1:9
 507.000000 315.000000
 255.000000 767.000000
 505.000000 1340.000000
 770.000000 1272.000000
 740.000000 1142.000000
 1107.000000 937.000000
 1377.000000 1302.000000
 1857.000000 932.000000
 1652.000000 392.000000
-1:4
 1575.000000 62.000000
 1095.000000 225.000000
 1830.000000 302.000000
 1857.000000 140.000000
16
0:5
 -261.172840 152.514403
 -216.172840 -19.485597
 168.827160 140.514403
 173.827160 245.514403
 -81.172840 367.514403
1:4
 -945.905350 1131.913580
 -925.905350 848.913580
 -605.905350 876.913580
 -535.905350 1218.913580
2:4
 1013.934156 -1125.386831
 968.934156 -1080.386831
 441.934156 -1282.386831
 568.934156 -1620.386831
3:4
 -709.320988 -669.851852
 -857.320988 -666.851852
 -922.320988 -994.851852
 -787.320988 -1004.851852
4:8
 153.580247 1161.341564
 -156.419753 1041.341564
 -84.419753 934.341564
 -199.419753 751.341564
 -6.419753 631.341564
 150.580247 796.341564
 105.580247 979.341564
 220.580247 1046.341564
5:5
 1171.934156 -559.094650
 898.934156 -244.094650
 721.934156 -714.094650
 951.934156 -769.094650
 943.934156 -597.094650
6:5
 -440.633745 1501.913580
 -327.633745 1303.913580
 -137.633745 1378.913580
 -207.633745 1566.913580
 -332.633745 1613.913580
7:5
 -712.098765 -1444.728395
 -582.098765 -1424.728395
 -430.098765 -1556.728395
 -330.098765 -1431.728395
 -682.098765 -1324.728395
8:4
 -651.909465 -7.983539
 -871.909465 87.016461
 -806.909465 -285.983539
 -656.909465 -245.983539
9:4
 -990.493827 488.189300
 -1095.493827 488.189300
 -1050.493827 123.189300
 -850.493827 155.189300
10:4
 -1191.563786 -212.300412
 -1311.563786 -112.300412
 -1551.563786 -437.300412
 -1386.563786 -527.300412
11:4
 -300.181070 -609.362140
 -347.181070 -449.362140
 -537.181070 -487.362140
 -532.181070 -697.362140
12:5
 1826.234568 -774.135802
 1718.234568 -579.135802
 1348.234568 -682.135802
 1373.234568 -849.135802
 1511.234568 -944.135802
13:4
 15.148148 -926.650206
 165.148148 -444.650206
 83.148148 -162.650206
 -79.851852 -194.650206
14:4
 -296.518519 560.679012
 -483.518519 607.679012
 -618.518519 470.679012
 -421.518519 355.679012
15:4
 1578.518519 -266.477366
 1308.518519 -78.477366
 1138.518519 -201.477366
 1273.518519 -333.477366
