1
-1:4
 290.000000 357.000000
 295.000000 1315.000000
 1480.000000 1330.000000
 1442.000000 352.000000
9
0:4
 17.000000 -663.000000
 -305.000000 -428.000000
 -480.000000 -660.000000
 -150.000000 -898.000000
1:4
 -323.000000 262.000000
 25.000000 52.000000
 182.000000 300.000000
 -173.000000 505.000000
2:4
 -403.000000 645.000000
 -663.000000 965.000000
 -967.000000 740.000000
 -708.000000 412.000000
3:4
 542.000000 245.000000
 510.000000 -135.000000
 955.000000 -153.000000
 980.000000 227.000000
4:4
 -470.000000 902.000000
 -143.000000 1090.000000
 -313.000000 1360.000000
 -643.000000 1180.000000
5:4
 -1070.000000 -435.000000
 -830.000000 -275.000000
 -1008.000000 -23.000000
 -1243.000000 -185.000000
6:4
 1622.000000 362.000000
 1472.000000 85.000000
 1760.000000 -53.000000
 1900.000000 225.000000
7:4
 1027.000000 -528.000000
 675.000000 -255.000000
 495.000000 -483.000000
 847.000000 -755.000000
8:4
 1202.000000 -423.000000
 1627.000000 -550.000000
 1715.000000 -255.000000
 1287.000000 -143.000000
