1
-1:6
 298.115000 213.619995
 317.388062 1110.902588
 347.987396 1111.789673
 575.011841 1304.760742
 1066.373657 1090.298462
 1403.060425 739.687622
10
0:3
 180.751521 -352.524507
 -343.911198 -430.748689
 -273.099919 -635.391740
1:3
 -449.421060 1205.527346
 -892.158510 911.672732
 -792.815798 606.142214
2:3
 2357.350615 1955.678839
 1688.132659 1781.919440
 1569.297881 1550.563117
3:3
 1936.053637 985.980167
 1795.652331 1086.101016
 1666.017565 929.827090
4:3
 541.265812 1536.203963
 693.904789 1621.938948
 534.730168 1829.286483
5:4
 1240.575256 2078.894669
 997.260497 1988.572525
 1100.093688 1586.968643
 1344.445861 1558.654801
6:3
 1019.158752 134.842453
 948.709106 367.162323
 542.863708 28.783264
7:3
 160.947604 1829.591293
 -327.778195 1662.017807
 -348.651639 1276.665390
8:4
 -395.697105 23.126223
 -107.252837 283.062746
 -482.866332 468.129641
 -542.510802 309.773317
9:3
 1317.162845 -429.257489
 1525.040942 -368.597058
 1462.601245 308.486590
