1
-1:6
 274.668000 508.206238
 273.049377 1146.053955
 929.191589 1355.154297
 1719.434814 1169.765259
 1757.595093 425.647736
 789.975281 286.841431
16
0:4
 356.630005 1881.473999
 595.542480 1971.441040
 506.873993 2243.366699
 42.390442 2281.293701
1:4
 -48.152124 1691.077322
 -418.653718 1595.785940
 -434.299165 1496.658011
 10.574721 1411.154837
2:5
 1917.855103 1944.555176
 2122.656006 1860.017944
 2006.977661 2306.449707
 1884.980835 2275.245117
 1855.054810 2113.382813
3:3
 521.655909 1556.884453
 676.836878 1431.501763
 665.182765 1627.633354
4:5
 24.056066 34.049219
 -96.508510 -121.088262
 -71.817499 -263.892065
 247.388204 -181.467901
 242.573294 -24.554907
5:4
 698.611616 1796.584728
 1078.330916 1703.612194
 1161.927473 1936.379894
 831.104536 2021.258801
6:4
 733.861942 -371.712247
 971.853092 -439.013120
 1048.186466 3.238696
 806.884098 25.186480
7:6
 1959.577731 1247.295102
 2222.609714 819.894772
 2316.489353 885.789731
 2036.031955 1237.582089
 2051.788913 1448.872494
 1958.808322 1469.650571
8:4
 2898.778903 434.398766
 2877.782687 666.825951
 2429.013522 662.392601
 2400.150607 358.828026
9:4
 1548.646380 2208.280762
 1330.657855 2112.430664
 1445.164813 1520.045776
 1717.064471 1787.734497
10:5
 2435.949018 1285.167824
 2560.014692 1113.412880
 3001.151166 1025.022987
 3026.008222 1118.920082
 2570.206220 1355.088478
11:4
 2060.727539 431.349030
 1618.724609 170.265961
 1818.698242 -43.188934
 2032.557007 75.760193
12:5
 20.213515 386.214217
 -270.154161 523.426803
 -338.197252 495.424361
 -222.905382 217.746444
 45.404799 213.946944
13:3
 182.613602 1884.800415
 111.886902 1650.531006
 387.274475 1637.303833
14:4
 -33.898433 778.359898
 20.395848 978.587986
 -224.162486 1089.023533
 -226.804240 928.531224
15:4
 2639.966041 1938.490077
 2364.807594 2069.913783
 2286.586403 1849.429285
 2613.934547 1810.324549
