1
-1:5
 235.000000 1277.000000
 1577.000000 1212.000000
 1490.000000 312.000000
 880.000000 517.000000
 337.000000 352.000000
12
0:4
 82.000000 1157.000000
 -215.000000 1220.000000
 -350.000000 975.000000
 -73.000000 757.000000
1:4
 325.000000 170.000000
 80.000000 217.000000
 50.000000 -173.000000
 357.000000 -208.000000
2:4
 1547.000000 190.000000
 1335.000000 -35.000000
 1775.000000 -425.000000
 2002.000000 -98.000000
3:4
 1202.000000 315.000000
 915.000000 202.000000
 960.000000 -23.000000
 1240.000000 75.000000
4:4
 1912.000000 752.000000
 1830.000000 927.000000
 1622.000000 862.000000
 1692.000000 697.000000
5:6
 65.000000 -623.000000
 205.000000 -992.000000
 357.000000 -900.000000
 192.000000 -493.000000
 -138.000000 -375.000000
 -128.000000 -490.000000
6:3
 -440.000000 -23.000000
 -113.000000 50.000000
 -450.000000 330.000000
7:4
 -515.000000 260.000000
 -643.000000 497.000000
 -800.000000 537.000000
 -788.000000 200.000000
8:5
 1010.000000 -468.000000
 1080.000000 -608.000000
 1332.000000 -600.000000
 1400.000000 -465.000000
 1187.000000 -308.000000
9:4
 -648.000000 1060.000000
 -908.000000 990.000000
 -833.000000 825.000000
 -635.000000 865.000000
10:5
 1787.000000 1102.000000
 1980.000000 1372.000000
 1877.000000 1385.000000
 1765.000000 1537.000000
 1560.000000 1355.000000
11:4
 535.000000 -38.000000
 440.000000 -295.000000
 670.000000 -398.000000
 745.000000 -110.000000
