1
-1:4
 250.508000 1362.305298
 1568.219360 1360.260010
 1630.314331 63.158714
 266.754242 76.526955
26
0:4
 -896.888748 150.019226
 -837.729588 14.292908
 -519.149445 -152.967148
 -602.202988 273.520203
1:8
 860.964464 2304.447223
 1304.160753 1853.601764
 1355.849230 2157.413653
 1454.785143 2190.136920
 1412.054186 2352.113849
 1224.528185 2327.519977
 1321.303697 2574.339435
 1118.954698 2529.291827
2:3
 195.192188 2246.522510
 500.537876 2555.639454
 367.533267 2551.221485
3:3
 2178.601074 1579.609131
 2592.429932 1264.395020
 2642.515381 1508.003662
4:3
 2937.254644 195.151587
 2548.895879 -41.898889
 3042.236211 40.924964
5:4
 595.133362 1781.626587
 723.495605 1574.406250
 861.148865 1709.612793
 745.751343 1962.144409
6:4
 1213.507787 -640.116415
 1353.505071 -715.179433
 1482.179509 -516.568594
 1226.403600 -355.939016
7:4
 579.514282 -704.794617
 494.382782 -566.447510
 298.837433 -833.248657
 454.687805 -931.262390
8:4
 1613.106235 -736.056538
 1984.888339 -808.095845
 2002.024814 -669.657734
 1626.926120 -655.040303
9:4
 -128.093509 1502.014801
 69.052273 1801.489289
 -157.555332 1943.578644
 -347.590122 1625.934113
10:6
 -718.596803 502.007996
 -366.132507 769.177124
 -546.724701 1046.318359
 -867.304230 984.387695
 -741.599733 831.101685
 -884.847183 711.534119
11:4
 1983.396931 507.544225
 1770.435139 436.535924
 1690.064656 280.712621
 1788.421223 205.131109
12:6
 -1443.172022 1323.197114
 -959.135034 1289.379304
 -794.355860 1388.006257
 -894.080347 1525.367890
 -1336.839746 1484.009614
 -1309.413782 1436.550813
13:7
 977.573468 -616.789326
 768.510174 -892.394794
 1094.470806 -1078.573158
 1158.323529 -985.869404
 1073.018475 -926.165470
 1139.463787 -800.403553
 969.921063 -808.677021
14:4
 1980.997293 1183.534206
 1983.781717 776.614773
 2175.088357 1067.861111
 2129.606546 1292.406887
15:4
 193.967274 60.680848
 45.784459 94.010377
 -51.798282 -9.472197
 14.491276 -89.766646
16:5
 3132.278374 806.103533
 3114.824028 985.882586
 2707.366021 1172.553973
 2787.128106 950.443499
 2820.348076 961.417010
17:4
 1191.391325 1475.992517
 1635.589933 1455.161829
 1564.382170 1589.319910
 1115.600432 1663.566004
18:5
 2035.051513 -309.864294
 2215.392363 -238.032171
 2122.454985 -21.104254
 2013.491271 21.108515
 1945.146117 -224.530524
19:4
 -1061.279522 2244.053091
 -972.431500 2122.252432
 -853.158490 2192.455923
 -920.130719 2334.272085
20:6
 2278.771832 2014.456137
 2420.961773 2267.842489
 2027.056744 2332.853720
 1847.357281 2076.696493
 1942.319317 1829.173666
 2165.300518 2093.695761
21:4
 2785.462846 1899.923290
 2839.347124 1698.339428
 3054.243120 1762.662182
 2880.693559 1935.706371
22:4
 2515.109375 308.279144
 2417.767334 533.197510
 2231.567139 549.545715
 2207.542969 314.117920
23:4
 1924.280640 1366.092651
 2000.854858 1576.934082
 1843.591919 1639.383545
 1828.763428 1351.885864
24:4
 -37.094574 -564.281555
 -283.666229 -415.697632
 -426.579437 -536.559448
 -71.301117 -660.024292
25:3
 -5.474423 1158.841578
 -248.835141 1144.958277
 -56.844479 661.241847
