1
-1:4
 432.000000 1332.000000
 1632.000000 1362.000000
 1680.000000 222.000000
 492.000000 225.000000
13
0:4
 227.000000 487.000000
 162.000000 622.000000
 32.000000 550.000000
 87.000000 425.000000
1:4
 1692.000000 -413.000000
 1500.000000 -450.000000
 1562.000000 -775.000000
 1760.000000 -745.000000
2:4
 -938.000000 37.000000
 -933.000000 242.000000
 -1173.000000 242.000000
 -1163.000000 32.000000
3:4
 1937.000000 800.000000
 2147.000000 797.000000
 2170.000000 1032.000000
 1957.000000 1050.000000
4:6
 697.000000 -775.000000
 605.000000 -860.000000
 685.000000 -963.000000
 525.000000 -1118.000000
 595.000000 -1208.000000
 862.000000 -945.000000
5:4
 950.000000 -1098.000000
 1052.000000 -1153.000000
 1207.000000 -735.000000
 1100.000000 -675.000000
6:4
 1475.000000 -160.000000
 1450.000000 -38.000000
 1140.000000 -160.000000
 1182.000000 -280.000000
7:6
 297.000000 -150.000000
 170.000000 147.000000
 -638.000000 -293.000000
 -580.000000 -425.000000
 -628.000000 -448.000000
 -560.000000 -578.000000
8:4
 560.000000 -38.000000
 297.000000 -358.000000
 630.000000 -580.000000
 812.000000 -200.000000
9:6
 1565.000000 -105.000000
 1777.000000 -343.000000
 2507.000000 342.000000
 2430.000000 442.000000
 2365.000000 382.000000
 2210.000000 562.000000
10:4
 1005.000000 -668.000000
 1095.000000 -445.000000
 925.000000 -373.000000
 890.000000 -633.000000
11:6
 -345.000000 662.000000
 -538.000000 487.000000
 -505.000000 420.000000
 -630.000000 310.000000
 -455.000000 42.000000
 -133.000000 317.000000
12:4
 -103.000000 1090.000000
 -250.000000 827.000000
 -95.000000 767.000000
 57.000000 980.000000
