1
-1:6
 239.622000 496.363007
 237.614456 1221.225830
 1395.275879 1395.778076
 1936.406128 1037.146729
 1847.749268 362.940155
 855.756348 277.790283
23
0:8
 -138.286471 285.239299
 -6.304034 458.703655
 -123.027209 617.102824
 -160.790912 599.205363
 -276.775165 732.780071
 -340.469348 653.388469
 -449.309009 708.868694
 -506.017322 487.824016
1:4
 599.048985 1369.619933
 583.827122 1420.118834
 500.146824 1406.128600
 499.440830 1368.877989
2:6
 -259.228242 1134.596334
 -270.343965 1069.381246
 -144.106172 973.312398
 -127.491944 991.452291
 -200.553529 1066.732442
 -178.074617 1109.853414
3:9
 -1233.908726 781.568026
 -856.093022 693.256075
 -501.498600 1242.489474
 -454.569279 1559.960909
 -636.904179 1610.156100
 -655.428501 1315.052706
 -871.348912 1079.064425
 -1024.728855 1119.101168
 -1063.455540 979.353610
4:5
 109.596252 267.236755
 57.404388 153.296204
 128.639526 71.869965
 245.591888 57.049255
 281.878418 127.363495
5:6
 53.765651 2151.965445
 131.844996 2164.789297
 158.510524 2117.468130
 221.020778 2199.728262
 170.783229 2314.611685
 60.473170 2308.801382
6:6
 2019.496460 533.444824
 2020.978638 422.992035
 1959.163208 398.800110
 2009.166748 370.330658
 2127.407959 421.640930
 2131.920898 524.211548
7:12
 1834.368838 2344.075730
 1841.143374 2241.629441
 1857.332949 2250.886765
 1946.652895 2143.570847
 2050.090395 2149.803269
 2325.276552 1850.879319
 2216.215029 1503.637986
 1976.726137 1492.108200
 2051.086001 1284.439743
 2417.335146 1271.262619
 2587.109682 1929.742356
 2093.477358 2351.346726
8:4
 1060.024384 115.982629
 910.852265 -153.753516
 1129.701631 -181.332679
 1213.165620 5.017053
9:16
 537.710932 1893.060682
 796.126440 1704.557271
 1091.468701 1718.776040
 1118.520397 1888.737098
 938.013042 1873.856839
 777.361414 1952.655469
 818.218303 2211.940543
 1159.355638 2243.575104
 1372.758409 2052.907081
 1327.315719 1905.949332
 1234.649965 1898.310345
 1295.419766 1728.594967
 1534.908579 1740.124698
 1643.970447 2087.365823
 1368.784089 2386.289755
 602.783111 2340.135881
10:4
 1626.266235 -82.373047
 1755.084351 76.051483
 1588.145264 144.078369
 1517.761841 51.213493
11:9
 107.823398 1976.379564
 -174.813168 1514.375413
 -35.692760 1526.219285
 -22.464077 1673.168626
 26.469181 1703.440843
 33.894413 1761.978685
 129.741581 1800.548021
 131.346882 1864.098070
 205.191639 1943.165208
12:4
 43.218639 1155.108607
 26.887653 1284.588588
 -37.502186 1277.075282
 -10.006764 1149.205287
13:4
 607.051162 1543.488475
 565.243972 1587.876659
 473.465102 1528.292186
 540.132583 1481.625316
14:5
 847.128293 1628.976094
 757.368527 1652.318746
 696.749814 1573.046651
 808.709714 1351.526387
 859.015500 1366.761006
15:8
 686.801808 224.713298
 619.007374 171.489116
 478.862049 -193.128133
 526.872791 -237.774251
 629.160694 -206.891072
 690.022144 -88.793294
 668.050343 -27.829793
 736.524342 43.048015
16:3
 312.665905 1654.982195
 395.724071 1724.316179
 236.442394 1787.594500
17:5
 -368.554427 1962.094294
 -418.353621 2017.268977
 -519.513167 1814.838923
 -444.086165 1736.414363
 -359.887679 1825.287043
18:4
 1132.872036 1508.267453
 1122.355556 1567.430661
 919.622402 1542.322263
 973.156215 1472.149167
19:6
 2276.370239 693.094788
 2275.877075 781.647186
 2360.351685 832.405090
 2350.945435 943.689209
 2144.850952 850.221680
 2149.958374 753.290649
20:3
 2032.205811 252.460938
 1912.472900 310.038818
 1943.199463 217.576981
21:5
 280.366046 1432.090688
 311.757236 1517.997426
 247.247036 1534.400503
 167.683019 1408.442983
 207.485416 1360.066274
22:10
 931.389160 -384.481567
 910.053101 -301.288300
 805.395813 -294.080658
 805.017517 -332.126373
 663.091431 -377.433685
 700.588379 -429.581909
 723.315125 -416.334625
 778.287354 -476.338043
 841.501465 -452.730347
 837.954895 -411.090942
