1
-1:8
 305.000000 1252.000000
 1192.000000 1290.000000
 1197.000000 1045.000000
 1367.000000 1022.000000
 1370.000000 1302.000000
 1672.000000 1320.000000
 1687.000000 192.000000
 362.000000 225.000000
20
0:4
 -1500.000000 110.000000
 -1235.000000 -420.000000
 -1130.000000 -448.000000
 -1305.000000 125.000000
1:3
 -323.000000 1090.000000
 -163.000000 1197.000000
 -213.000000 1250.000000
2:4
 -438.000000 612.000000
 -485.000000 -55.000000
 -348.000000 -163.000000
 -103.000000 642.000000
3:4
 1400.000000 -450.000000
 1027.000000 -510.000000
 1050.000000 -700.000000
 1492.000000 -600.000000
4:4
 -785.000000 -353.000000
 -720.000000 -203.000000
 -948.000000 -180.000000
 -968.000000 -335.000000
5:6
 -1453.000000 812.000000
 -1308.000000 627.000000
 -1200.000000 665.000000
 -1230.000000 1012.000000
 -1435.000000 972.000000
 -1378.000000 867.000000
6:6
 2102.000000 1160.000000
 2172.000000 1162.000000
 2112.000000 1380.000000
 1892.000000 1285.000000
 1940.000000 1147.000000
 2085.000000 1210.000000
7:4
 -103.000000 190.000000
 52.000000 62.000000
 112.000000 205.000000
 -35.000000 287.000000
8:4
 1970.000000 907.000000
 1967.000000 1060.000000
 1867.000000 1087.000000
 1840.000000 922.000000
9:4
 2052.000000 200.000000
 2210.000000 237.000000
 2137.000000 467.000000
 1970.000000 442.000000
10:4
 917.000000 47.000000
 867.000000 -15.000000
 1135.000000 -205.000000
 1235.000000 -118.000000
11:4
 832.000000 -545.000000
 1072.000000 -313.000000
 662.000000 -103.000000
 515.000000 -405.000000
12:3
 -53.000000 -255.000000
 232.000000 -670.000000
 260.000000 -348.000000
13:3
 842.000000 -733.000000
 885.000000 -1055.000000
 1230.000000 -930.000000
14:5
 485.000000 60.000000
 25.000000 -105.000000
 57.000000 -198.000000
 255.000000 -225.000000
 455.000000 -98.000000
15:3
 1455.000000 -115.000000
 1427.000000 -273.000000
 1590.000000 -160.000000
16:5
 1785.000000 -113.000000
 1687.000000 -360.000000
 1997.000000 -895.000000
 2217.000000 -828.000000
 2245.000000 -118.000000
17:4
 -305.000000 -960.000000
 -540.000000 -738.000000
 -628.000000 -820.000000
 -415.000000 -1100.000000
18:4
 -708.000000 1337.000000
 -780.000000 947.000000
 -458.000000 960.000000
 -463.000000 1277.000000
19:3
 1400.000000 0.000000
 1445.000000 122.000000
 1262.000000 142.000000
