1
-1:4
 60.000000 60.000000
 60.000000 960.000000
 960.000000 960.000000
 960.000000 60.000000
18
0:3
 -270.194000 -442.461853
 -99.567474 -171.747055
 -320.238281 -221.791077
1:10
 1173.120197 -727.399475
 1385.969684 -804.178940
 1309.190235 -1017.028473
 1598.819172 -880.958435
 1581.810444 -844.754791
 1364.588703 -946.807327
 1422.173328 -787.170197
 1262.536182 -729.585602
 1479.757923 -627.533081
 1462.749164 -591.329437
2:9
 857.351808 -638.874199
 851.864717 -599.252343
 1089.595918 -566.329858
 954.269044 -463.925500
 1056.673433 -328.598656
 818.942231 -361.521142
 813.455140 -321.899346
 615.345826 -349.334740
 659.242494 -666.309609
3:12
 -578.230557 878.826666
 -450.909314 585.246527
 -414.211804 601.161688
 -525.617879 858.044317
 -452.222852 889.874517
 -340.816754 632.991949
 -102.282910 736.440496
 -229.604138 1030.020758
 -266.301648 1014.105475
 -154.895551 757.222906
 -301.685620 693.562262
 -413.091733 950.444830
4:4
 -114.740498 61.921888
 -20.733723 325.669324
 -171.446552 379.387464
 -265.453327 115.640028
5:4
 694.069960 1466.084965
 538.467176 1257.787601
 618.581556 1197.940433
 774.184340 1406.237797
6:9
 1273.772607 91.103250
 1017.936304 44.759256
 1273.627344 -132.503500
 1057.150476 -171.717672
 1064.280298 -211.077108
 1320.116601 -164.733114
 1312.986780 -125.373678
 1103.785058 19.659525
 1280.902490 51.743814
7:3
 238.594526 1259.208933
 72.056441 1190.907664
 306.895857 1092.670847
8:17
 -995.351404 -338.396658
 -839.417047 -130.347434
 -807.409479 -154.337363
 -783.419611 -122.329794
 -559.366571 -290.259116
 -367.447382 -34.198508
 -591.500360 133.730813
 -567.510492 165.738382
 -551.506708 153.743448
 -515.521845 201.754800
 -711.544550 273.692911
 -775.559687 321.672708
 -907.504145 145.631021
 -635.439814 -58.283072
 -659.429682 -90.290640
 -787.459955 5.668924
 -1027.358973 -314.406790
9:8
 1252.848625 823.688854
 1321.776848 1217.705212
 1479.383415 1190.133923
 1486.276360 1229.535534
 1151.362419 1288.124645
 1144.469475 1248.723034
 1282.375237 1224.598034
 1213.447014 830.581738
10:4
 1491.752075 137.225159
 1400.561157 526.691711
 1264.247925 494.774841
 1355.438843 105.308289
11:11
 599.882672 -1120.728935
 635.001202 -1101.579857
 588.754132 -807.877281
 810.594036 -1005.834556
 772.295941 -935.597435
 623.872723 -788.728233
 676.550579 -760.004631
 657.401532 -724.886040
 446.690167 -839.780405
 465.839215 -874.898994
 553.635601 -827.026344
12:3
 746.343506 -295.282532
 685.475220 -4.258362
 600.181213 -56.459167
13:3
 1728.810826 -58.805031
 1655.894078 -245.039146
 1953.080235 -254.005471
14:4
 -40.521312 -445.504683
 -266.154338 -574.693510
 -146.903117 -782.970137
 78.729909 -653.781294
15:8
 -1126.320348 801.784708
 -1078.752111 485.340006
 -1039.196508 491.285990
 -1080.818700 768.175150
 -764.373937 815.743388
 -722.751745 538.854288
 -683.196203 544.800272
 -730.764440 861.244975
16:3
 194.133631 -286.949862
 320.451502 -106.828219
 14.012019 -160.631991
17:4
 -366.887207 1223.707520
 -133.167664 1069.515503
 -89.112793 1136.292480
 -322.832336 1290.484497
