1
-1:8
 865.000000 382.000000
 577.000000 535.000000
 450.000000 742.000000
 682.000000 1275.000000
 1115.000000 1342.000000
 1580.000000 1082.000000
 1530.000000 610.000000
 1207.000000 377.000000
8
0:5
 -608.000000 -225.000000
 -543.000000 -305.000000
 -133.000000 -103.000000
 -570.000000 95.000000
 -653.000000 15.000000
1:4
 427.000000 262.000000
 207.000000 265.000000
 65.000000 197.000000
 310.000000 -183.000000
2:3
 -358.000000 505.000000
 -750.000000 235.000000
 -298.000000 262.000000
3:4
 -618.000000 837.000000
 -220.000000 627.000000
 -320.000000 1105.000000
 -548.000000 1042.000000
4:4
 -65.000000 1242.000000
 227.000000 852.000000
 332.000000 1370.000000
 90.000000 1370.000000
5:4
 2007.000000 1102.000000
 1815.000000 1105.000000
 1835.000000 530.000000
 2097.000000 995.000000
6:4
 782.000000 -220.000000
 1025.000000 -323.000000
 1052.000000 210.000000
 695.000000 -60.000000
7:4
 1670.000000 425.000000
 1292.000000 -13.000000
 1495.000000 -210.000000
 1765.000000 -98.000000
