1
-1:7
 722.000000 387.000000
 327.000000 787.000000
 485.000000 1275.000000
 1030.000000 1332.000000
 1710.000000 1197.000000
 1757.000000 880.000000
 1362.000000 397.000000
8
0:4
 -880.000000 -868.000000
 -870.000000 -305.000000
 -1173.000000 -385.000000
 -1105.000000 -748.000000
1:5
 -115.000000 510.000000
 -365.000000 562.000000
 -345.000000 527.000000
 -590.000000 305.000000
 -490.000000 165.000000
2:4
 130.000000 -660.000000
 402.000000 -83.000000
 -158.000000 -70.000000
 -163.000000 -238.000000
3:4
 -1498.000000 327.000000
 -1318.000000 195.000000
 -978.000000 185.000000
 -953.000000 275.000000
4:4
 1397.000000 -173.000000
 1217.000000 -135.000000
 1067.000000 -395.000000
 1207.000000 -833.000000
5:3
 940.000000 -28.000000
 587.000000 67.000000
 787.000000 -308.000000
6:5
 777.000000 -940.000000
 525.000000 -600.000000
 337.000000 -578.000000
 225.000000 -775.000000
 200.000000 -1180.000000
7:11
 -628.000000 892.000000
 -608.000000 1092.000000
 -490.000000 1215.000000
 -378.000000 1107.000000
 -458.000000 1317.000000
 -395.000000 1382.000000
 -690.000000 1395.000000
 -713.000000 1487.000000
 -998.000000 1305.000000
 -1050.000000 1305.000000
 -1030.000000 977.000000
