1
-1:4
 314.598000 1203.009766
 1666.937988 1291.723145
 1700.745239 275.266479
 331.861145 218.914581
10
0:6
 -289.488838 965.244916
 90.317071 1233.620282
 -99.751899 1406.203443
 -257.388984 1323.154202
 -577.540473 1693.671247
 -742.936591 1545.761624
1:6
 987.287121 1404.444570
 1120.001355 1582.265188
 912.639904 1742.599355
 1054.781872 1978.607595
 804.873303 2121.671071
 517.215588 1806.591115
2:6
 1795.846277 1478.753580
 1888.486902 1751.405558
 1768.336023 1795.223184
 1876.470300 2028.554361
 1668.203454 2167.426065
 1376.224817 1734.610636
3:4
 2594.378174 713.988647
 2468.679932 1461.835327
 2323.463135 1471.016113
 2497.695801 693.133179
4:6
 518.923544 -186.626980
 22.343351 99.044438
 -82.595423 -1.752620
 263.922995 -226.738735
 6.369879 -547.910000
 249.479544 -630.426357
5:6
 1032.175739 -360.776545
 1657.041584 -183.981013
 1587.596638 56.514318
 1231.820148 -108.910273
 1211.101276 7.997564
 985.439899 -97.496455
6:6
 2004.598119 144.369820
 2225.860448 258.803452
 2191.620213 415.296769
 2259.349095 452.125077
 2229.565770 598.986344
 1935.585790 459.363144
7:6
 2121.347447 -121.706226
 2081.390049 -266.131656
 2333.013462 -259.073703
 2335.182896 -299.651462
 2559.917027 -271.006534
 2547.536167 -133.045337
8:6
 -262.907216 638.013835
 -467.568959 735.171458
 -501.197438 675.970835
 -650.544210 756.537913
 -753.916250 636.658549
 -385.341420 403.124949
9:6
 -126.541828 93.241708
 -339.730549 94.597758
 -363.883869 -61.842138
 -533.232380 -72.642386
 -528.687214 -181.268240
 -199.915119 -175.859701
