1
-1:4
 257.000000 1265.000000
 1525.000000 1280.000000
 1530.000000 297.000000
 315.000000 315.000000
19
0:4
 -39.745763 1038.186441
 10.254237 1296.186441
 -77.745763 1413.186441
 -297.745763 1101.186441
1:4
 50.000000 595.000000
 -65.000000 635.000000
 -150.000000 317.000000
 57.000000 305.000000
2:6
 -880.000000 387.000000
 -673.000000 382.000000
 -655.000000 465.000000
 -730.000000 570.000000
 -700.000000 620.000000
 -905.000000 710.000000
3:6
 1837.000000 530.000000
 1705.000000 712.000000
 1645.000000 682.000000
 1652.000000 457.000000
 1585.000000 390.000000
 1722.000000 292.000000
4:4
 1922.000000 1152.000000
 1622.000000 1005.000000
 1700.000000 845.000000
 1992.000000 1057.000000
5:4
 1827.000000 -113.000000
 1847.000000 60.000000
 1570.000000 90.000000
 1540.000000 -130.000000
6:6
 1380.000000 -383.000000
 1242.000000 -560.000000
 1375.000000 -655.000000
 1287.000000 -875.000000
 1422.000000 -1010.000000
 1680.000000 -528.000000
7:6
 -345.000000 -250.000000
 -420.000000 -60.000000
 -483.000000 -103.000000
 -448.000000 -210.000000
 -485.000000 -255.000000
 -453.000000 -303.000000
8:6
 -1295.000000 -240.000000
 -948.000000 70.000000
 -1023.000000 240.000000
 -1230.000000 7.000000
 -1433.000000 65.000000
 -1530.000000 -70.000000
9:5
 455.000000 180.000000
 555.000000 -110.000000
 610.000000 -78.000000
 597.000000 -28.000000
 742.000000 52.000000
10:8
 -438.000000 757.000000
 -488.000000 630.000000
 -165.000000 565.000000
 -173.000000 650.000000
 -125.000000 647.000000
 -193.000000 770.000000
 -353.000000 797.000000
 -375.000000 752.000000
11:6
 -323.000000 350.000000
 -430.000000 285.000000
 -395.000000 237.000000
 -428.000000 187.000000
 -383.000000 82.000000
 -218.000000 222.000000
12:15
 545.000000 -808.000000
 587.000000 -823.000000
 637.000000 -533.000000
 577.000000 -495.000000
 502.000000 -645.000000
 190.000000 -485.000000
 280.000000 -290.000000
 177.000000 -223.000000
 -288.000000 -618.000000
 -240.000000 -703.000000
 -18.000000 -743.000000
 12.000000 -868.000000
 137.000000 -883.000000
 370.000000 -1230.000000
 600.000000 -1108.000000
13:4
 82.000000 35.000000
 185.000000 22.000000
 85.000000 257.000000
 47.000000 257.000000
14:4
 890.000000 197.000000
 830.000000 110.000000
 1090.000000 67.000000
 1142.000000 170.000000
15:4
 1072.000000 -75.000000
 1405.000000 -210.000000
 1425.000000 -125.000000
 1087.000000 -15.000000
16:4
 1025.000000 -373.000000
 960.000000 -288.000000
 897.000000 -323.000000
 955.000000 -425.000000
17:4
 -660.000000 -388.000000
 -720.000000 -483.000000
 -615.000000 -540.000000
 -558.000000 -438.000000
18:4
 -485.000000 1085.000000
 -590.000000 1032.000000
 -515.000000 887.000000
 -410.000000 955.000000
