4
-1:12
 177.000000 510.000000
 267.000000 517.000000
 275.000000 1065.000000
 152.000000 1070.000000
 142.000000 1237.000000
 732.000000 1202.000000
 682.000000 1047.000000
 522.000000 1045.000000
 450.000000 527.000000
 602.000000 512.000000
 592.000000 375.000000
 157.000000 382.000000
-1:12
 935.000000 677.000000
 1045.000000 695.000000
 1100.000000 1140.000000
 1272.000000 1122.000000
 1330.000000 795.000000
 1485.000000 1092.000000
 1577.000000 1077.000000
 1595.000000 787.000000
 1772.000000 1097.000000
 1915.000000 1075.000000
 1770.000000 510.000000
 945.000000 580.000000
-1:4
 1515.000000 277.000000
 1695.000000 390.000000
 1757.000000 277.000000
 1570.000000 177.000000
-1:20
 392.000000 142.000000
 702.000000 307.000000
 680.000000 917.000000
 852.000000 1222.000000
 645.000000 1375.000000
 770.000000 1470.000000
 1805.000000 1387.000000
 1732.000000 1260.000000
 1060.000000 1280.000000
 832.000000 820.000000
 785.000000 140.000000
 732.000000 110.000000
 907.000000 70.000000
 605.000000 5.000000
 67.000000 57.000000
 55.000000 230.000000
 137.000000 257.000000
 107.000000 330.000000
 302.000000 282.000000
 265.000000 220.000000
36
0:7
 -1040.000000 -195.000000
 -1010.000000 -288.000000
 -758.000000 -43.000000
 -805.000000 -58.000000
 -833.000000 37.000000
 -1025.000000 -15.000000
 -965.000000 -150.000000
1:4
 -542.000000 350.000000
 -355.000000 417.000000
 -425.000000 575.000000
 -602.000000 455.000000
2:4
 -213.000000 215.000000
 -400.000000 110.000000
 -370.000000 30.000000
 -145.000000 77.000000
3:4
 5.000000 1527.000000
 -123.000000 1530.000000
 -142.000000 1437.000000
 97.000000 1410.000000
4:4
 -420.000000 835.000000
 -470.000000 1072.000000
 -638.000000 800.000000
 -483.000000 732.000000
5:6
 -973.000000 772.000000
 -905.000000 827.000000
 -870.000000 1072.000000
 -1005.000000 1107.000000
 -1030.000000 947.000000
 -1165.000000 947.000000
6:4
 -108.000000 -45.000000
 -33.000000 -188.000000
 105.000000 -200.000000
 135.000000 -158.000000
7:4
 -150.000000 1155.000000
 -155.000000 1267.000000
 -265.000000 1185.000000
 -173.000000 1147.000000
8:5
 1745.000000 -390.000000
 2050.000000 -568.000000
 2077.000000 -548.000000
 1792.000000 -218.000000
 1685.000000 -303.000000
9:6
 -845.000000 580.000000
 -938.000000 567.000000
 -948.000000 445.000000
 -705.000000 307.000000
 -658.000000 457.000000
 -825.000000 472.000000
10:5
 -253.000000 900.000000
 -318.000000 757.000000
 -180.000000 652.000000
 -13.000000 662.000000
 25.000000 835.000000
11:7
 1127.000000 -155.000000
 1302.000000 -148.000000
 1215.000000 165.000000
 1027.000000 120.000000
 947.000000 60.000000
 917.000000 -80.000000
 1247.000000 -43.000000
12:3
 1727.000000 1677.000000
 1715.000000 1825.000000
 1665.000000 1745.000000
13:6
 1957.000000 15.000000
 2037.000000 -158.000000
 2175.000000 -85.000000
 2092.000000 167.000000
 1972.000000 150.000000
 2030.000000 -43.000000
14:4
 2135.000000 965.000000
 2215.000000 777.000000
 2377.000000 962.000000
 2260.000000 1047.000000
15:4
 1990.000000 -848.000000
 2060.000000 -768.000000
 1965.000000 -668.000000
 1842.000000 -750.000000
16:4
 1585.000000 -165.000000
 1642.000000 57.000000
 1577.000000 110.000000
 1455.000000 -125.000000
17:4
 1505.000000 -645.000000
 1227.000000 -920.000000
 1315.000000 -1080.000000
 1592.000000 -910.000000
18:4
 2055.000000 1167.000000
 2075.000000 1302.000000
 1945.000000 1385.000000
 1890.000000 1242.000000
19:4
 1900.000000 325.000000
 1925.000000 215.000000
 1992.000000 227.000000
 1967.000000 345.000000
20:4
 2200.000000 480.000000
 2180.000000 600.000000
 2035.000000 577.000000
 2057.000000 450.000000
21:5
 537.000000 -902.000000
 510.000000 -920.000000
 577.000000 -1055.000000
 722.000000 -830.000000
 535.000000 -822.000000
22:5
 1072.140078 511.770428
 909.140078 431.770428
 902.140078 368.770428
 924.140078 278.770428
 1132.140078 411.770428
23:7
 192.000000 -745.000000
 347.000000 -552.000000
 232.000000 -365.000000
 250.000000 -545.000000
 205.000000 -505.000000
 80.000000 -537.000000
 100.000000 -662.000000
24:5
 587.000000 -312.000000
 585.000000 -437.000000
 702.000000 -422.000000
 695.000000 -320.000000
 607.000000 -340.000000
25:6
 -1058.000000 1345.000000
 -940.000000 1235.000000
 -820.000000 1312.000000
 -885.000000 1390.000000
 -925.000000 1510.000000
 -1083.000000 1427.000000
26:4
 -608.000000 1387.000000
 -688.000000 1515.000000
 -808.000000 1467.000000
 -743.000000 1342.000000
27:4
 927.000000 -603.000000
 1087.000000 -468.000000
 1027.000000 -383.000000
 872.000000 -490.000000
28:4
 24.105058 367.486381
 -33.894942 535.486381
 -190.894942 505.486381
 -153.894942 345.486381
29:7
 1519.126638 1801.746725
 1549.126638 1966.746725
 1384.126638 2001.746725
 1191.126638 1826.746725
 1214.126638 1688.746725
 1334.126638 1588.746725
 1431.126638 1823.746725
30:5
 187.000000 -258.000000
 422.000000 -375.000000
 415.000000 -315.000000
 510.000000 -253.000000
 415.000000 -123.000000
31:4
 1013.986900 1942.576419
 861.986900 1987.576419
 778.986900 1757.576419
 913.986900 1689.576419
32:4
 1290.000000 145.000000
 1427.000000 187.000000
 1340.000000 377.000000
 1207.000000 330.000000
33:4
 900.000000 -885.000000
 970.000000 -1005.000000
 1052.000000 -945.000000
 1030.000000 -798.000000
34:5
 -173.000000 -480.000000
 -190.000000 -275.000000
 -328.000000 -213.000000
 -360.000000 -295.000000
 -260.000000 -505.000000
35:7
 1257.000000 -272.000000
 1215.000000 -337.000000
 1432.000000 -432.000000
 1422.000000 -405.000000
 1490.000000 -380.000000
 1362.000000 -225.000000
 1342.000000 -300.000000
