3
-1:4
 300.000000 727.000000
 772.000000 1002.000000
 992.000000 452.000000
 460.000000 297.000000
-1:3
 1225.000000 1377.000000
 1865.000000 1337.000000
 1295.000000 605.000000
-1:6
 935.000000 145.000000
 955.000000 267.000000
 1555.000000 380.000000
 1697.000000 670.000000
 1892.000000 630.000000
 1772.000000 112.000000
31
0:8
 874.414716 -13.227425
 549.414716 183.772575
 426.414716 3.772575
 519.414716 -43.227425
 496.414716 -78.227425
 706.414716 -101.227425
 681.414716 -141.227425
 796.414716 -211.227425
1:6
 879.899666 1459.157191
 754.899666 1509.157191
 686.899666 1299.157191
 619.899666 1327.157191
 581.899666 1214.157191
 809.899666 1132.157191
2:6
 347.441472 -141.270903
 237.441472 -119.270903
 184.441472 -359.270903
 62.441472 -326.270903
 42.441472 -414.270903
 282.441472 -484.270903
3:4
 513.377926 -295.117057
 803.377926 -400.117057
 828.377926 -315.117057
 538.377926 -220.117057
4:3
 2479.107023 -239.448161
 2259.107023 -254.448161
 2402.107023 -447.448161
5:3
 45.668896 1120.886288
 152.668896 925.886288
 235.668896 917.886288
6:4
 937.608696 1095.913043
 884.608696 1065.913043
 1077.608696 978.913043
 1152.608696 1043.913043
7:4
 2745.612040 1289.197324
 2538.612040 1084.197324
 2658.612040 1024.197324
 2778.612040 1229.197324
8:3
 1949.933110 932.775920
 1911.933110 992.775920
 1884.933110 939.775920
9:3
 1773.989967 978.237458
 2013.989967 1151.237458
 1708.989967 1018.237458
10:3
 2149.548495 1536.270903
 2024.548495 1328.270903
 2196.548495 1321.270903
11:3
 1991.230769 246.247492
 2116.230769 414.247492
 1969.230769 449.247492
12:3
 1003.120401 803.772575
 1108.120401 713.772575
 1163.120401 841.772575
13:4
 1717.685619 697.819398
 2055.685619 695.819398
 1985.685619 767.819398
 1687.685619 742.819398
14:3
 1933.561873 22.993311
 1768.561873 74.993311
 1760.561873 -132.006689
15:7
 1287.735786 -486.254181
 957.735786 -391.254181
 937.735786 -503.254181
 990.735786 -508.254181
 997.735786 -586.254181
 1167.735786 -596.254181
 1175.735786 -528.254181
16:4
 985.000000 -72.000000
 1030.000000 32.000000
 987.000000 80.000000
 935.000000 35.000000
17:8
 1685.752508 -221.227425
 1612.752508 -188.227425
 1540.752508 -286.227425
 1515.752508 -276.227425
 1445.752508 -396.227425
 1412.752508 -386.227425
 1377.752508 -453.227425
 1500.752508 -490.227425
18:6
 2276.337793 833.739130
 2263.337793 878.739130
 2146.337793 876.739130
 2081.337793 771.739130
 2158.337793 741.739130
 2236.337793 836.739130
19:6
 2474.214047 687.986622
 2626.214047 797.986622
 2599.214047 850.986622
 2549.214047 855.986622
 2524.214047 957.986622
 2409.214047 882.986622
20:15
 2720.685619 81.347826
 2650.685619 161.347826
 2605.685619 141.347826
 2485.685619 209.347826
 2485.685619 226.347826
 2395.685619 264.347826
 2372.685619 359.347826
 2415.685619 356.347826
 2410.685619 519.347826
 2442.685619 524.347826
 2445.685619 584.347826
 2325.685619 609.347826
 2257.685619 399.347826
 2320.685619 226.347826
 2695.685619 32.347826
21:3
 2211.588629 55.969900
 2303.588629 -7.030100
 2266.588629 167.969900
22:6
 1333.806020 -221.672241
 1268.806020 -81.672241
 1161.806020 -146.672241
 1211.806020 -204.672241
 1198.806020 -224.672241
 1236.806020 -279.672241
23:6
 190.662207 433.093645
 30.662207 578.093645
 -66.337793 455.093645
 5.662207 395.093645
 38.662207 430.093645
 133.662207 348.093645
24:6
 15.127090 783.739130
 -141.872910 808.739130
 -159.872910 738.739130
 -91.872910 718.739130
 -114.872910 643.739130
 -19.872910 626.739130
25:6
 203.538462 189.274247
 81.538462 244.274247
 73.538462 239.274247
 111.538462 197.274247
 76.538462 172.274247
 123.538462 117.274247
26:6
 213.561873 724.374582
 145.561873 759.374582
 80.561873 709.374582
 153.561873 614.374582
 243.561873 674.374582
 205.561873 719.374582
27:7
 75.351171 1237.484950
 355.351171 1300.484950
 357.351171 1310.484950
 365.351171 1302.484950
 555.351171 1342.484950
 420.351171 1507.484950
 207.351171 1505.484950
28:3
 2318.311037 1079.859532
 2200.311037 1172.859532
 2178.311037 1012.859532
29:3
 1660.000000 950.000000
 1665.000000 945.000000
 1672.000000 950.000000
30:10
 1968.655518 -100.558528
 1933.655518 -175.558528
 1901.655518 -160.558528
 1878.655518 -252.558528
 1946.655518 -322.558528
 1936.655518 -339.558528
 1986.655518 -399.558528
 2063.655518 -332.558528
 1998.655518 -227.558528
 2048.655518 -122.558528
