2
-1:8
 210.000000 435.000000
 215.000000 1297.000000
 790.000000 1312.000000
 777.000000 1152.000000
 985.000000 1170.000000
 1025.000000 1292.000000
 1382.000000 1307.000000
 1360.000000 452.000000
-1:4
 427.000000 242.000000
 1092.000000 282.000000
 1482.000000 47.000000
 590.000000 30.000000
12
0:6
 -1430.041152 -158.987654
 -613.041152 -468.987654
 -630.041152 -370.987654
 -860.041152 -300.987654
 -880.041152 -183.987654
 -1403.041152 -88.987654
1:8
 31.152263 923.106996
 -228.847737 1523.106996
 -523.847737 1483.106996
 -458.847737 1263.106996
 -826.847737 1118.106996
 -773.847737 895.106996
 -256.847737 1105.106996
 -116.847737 890.106996
2:4
 -398.465055 551.458569
 -585.465055 381.458569
 -305.465055 -98.541431
 -183.465055 -50.541431
3:8
 2381.790123 -60.551440
 2151.790123 264.448560
 1741.790123 27.448560
 1813.790123 -325.551440
 1971.790123 -240.551440
 1956.790123 -112.551440
 2136.790123 -7.551440
 2193.790123 -157.551440
4:7
 1704.901235 853.991770
 1762.901235 1213.991770
 2007.901235 1248.991770
 2004.901235 1545.991770
 1782.901235 1480.991770
 1494.901235 1535.991770
 1527.901235 833.991770
5:7
 885.909465 -114.732510
 738.909465 -102.732510
 648.909465 -384.732510
 703.909465 -729.732510
 800.909465 -674.732510
 795.909465 -434.732510
 883.909465 -382.732510
6:4
 78.950617 -775.267490
 153.950617 -675.267490
 168.950617 -518.267490
 -26.049383 -475.267490
7:4
 1853.563786 -623.333333
 1766.563786 -603.333333
 1921.563786 -1138.333333
 1971.563786 -945.333333
8:4
 1512.000000 415.000000
 1522.000000 207.000000
 1645.000000 417.000000
 1625.000000 640.000000
9:3
 1000.576132 -840.020576
 797.576132 -795.020576
 1060.576132 -965.020576
10:4
 1637.041152 -934.860082
 1260.041152 -672.860082
 1305.041152 -807.860082
 1672.041152 -987.860082
11:5
 467.164609 -704.238683
 382.164609 -734.238683
 127.164609 -1054.238683
 227.164609 -1042.238683
 490.164609 -809.238683
