1
-1:4
 650.000000 435.000000
 675.000000 1205.000000
 1622.000000 1217.000000
 1667.000000 402.000000
11
0:4
 300.228782 790.073801
 455.228782 1017.073801
 -141.771218 1257.073801
 -209.771218 1137.073801
1:4
 396.992620 521.457565
 -346.007380 746.457565
 -381.007380 623.457565
 343.992620 383.457565
2:4
 1788.955720 -417.749077
 2078.955720 339.250923
 1908.955720 419.250923
 1621.955720 -347.749077
3:4
 330.147601 87.295203
 840.147601 -132.704797
 925.147601 122.295203
 362.147601 247.295203
4:4
 1417.000000 1435.000000
 1435.000000 1645.000000
 1005.000000 1575.000000
 1012.000000 1462.000000
5:4
 518.309963 1451.926199
 471.309963 1619.926199
 51.309963 1511.926199
 96.309963 1394.926199
6:4
 1325.000000 205.000000
 1022.000000 147.000000
 1052.000000 -32.000000
 1342.000000 92.000000
7:4
 973.800738 1499.601476
 745.800738 1662.601476
 660.800738 1504.601476
 948.800738 1432.601476
8:4
 1980.793358 938.616236
 2112.793358 998.616236
 1995.793358 1133.616236
 1912.793358 1050.616236
9:4
 1757.000000 1600.000000
 1617.000000 1585.000000
 1655.000000 1415.000000
 1730.000000 1427.000000
10:4
 2031.557196 706.254613
 1946.557196 771.254613
 1856.557196 621.254613
 1941.557196 556.254613
