1
5
442 132
450 1272
1807 1292
1380 647
1620 152
12
6
-235 567
-205 500
-67 532
-35 487
145 450
115 635
10
-152 277
-117 17
170 42
185 -82
412 -22
412 105
237 172
212 222
72 210
52 282
4
-397 -945
-130 -997
-85 -812
-340 -760
4
750 1035
737 1307
450 1275
457 985
4
482 982
232 1130
177 1015
452 910
13
535 2507
637 2327
772 2087
882 1892
805 1740
695 1535
910 1545
1120 1555
1247 1560
1245 1852
1242 2042
1240 2330
1237 2457
4
1477 1532
1272 1522
1432 1235
1690 1245
6
1065 472
892 570
845 265
1045 160
1192 242
1185 545
4
1267 1075
1250 1395
967 1230
987 952
8
952 45
1137 -192
1232 17
1357 -157
1482 7
1275 237
1142 165
1030 225
4
1632 472
1640 597
1517 687
1420 467
4
717 175
950 -27
1055 150
915 307
