1
6
260 657
477 1067
1577 990
1712 550
1227 197
807 242
14
4
875 385
785 540
557 437
707 242
5
735 870
975 920
987 1252
837 1230
677 1110
5
387 720
540 702
767 672
832 845
735 860
3
1500 1087
1417 1142
1367 1097
5
1290 510
1340 560
905 810
807 702
892 497
3
1570 -802
1365 -872
1440 -997
5
1295 -445
1212 -320
1010 -362
1080 -500
1290 -445
4
1947 695
1945 912
1780 960
1797 825
4
1725 417
1900 682
1702 725
1557 447
5
1517 200
1572 467
1132 702
1090 492
1225 317
4
1547 -282
1640 -92
1372 -42
1307 -222
4
1325 1897
1127 2167
920 2070
1127 1812
4
-447 -115
-32 -400
67 -105
-327 192
4
807 -622
1292 -500
1222 -360
732 -455
