1
5
1105 3230
330 3450
1125 1617
3180 4050
4517 380
12
6
-587 -87
1417 1217
-512 362
1250 1125
-167 287
1330 1587
10
-380 1030
692 262
-292 592
42 430
425 530
105 555
462 180
-205 525
1030 130
-55 705
4
-992 -212
-2362 -2030
-325 -850
-2492 -1900
4
1875 1125
2587 3187
1842 1142
3267 2462
4
1205 442
2455 2537
580 1130
2825 2275
13
1337 3862
6267 2800
1592 3887
5817 3117
1930 3900
5217 3112
2205 4630
4730 3105
2012 5105
4350 3100
1737 5825
3837 3092
2275 6142
4
3692 3580
3830 3087
3180 4225
3805 3112
6
2662 2612
1180 400
2230 2980
1425 605
2112 2962
662 1362
4
3167 2417
2687 3075
3125 2467
3487 2380
8
2380 3705
112 17
2842 3187
-480 592
3080 2855
42 412
3392 2575
-392 562
4
4080 3792
1180 1717
4100 3550
1492 1167
4
1792 2637
437 375
2375 2287
-67 767
