1
-1:6
120.000000 120.000000
120.000000 1080.000000
1160.000000 920.000000
1320.000000 600.000000
1200.000000 200.000000
680.000000 0.000000
10
0:3
1195.397949 347.295593
671.131958 577.829590
121.470924 486.874786
1:3
562.959900 298.430634
-395.641754 -205.437119
642.681763 115.006470
2:6
528.496826 -139.953888
1512.680664 320.678589
972.241882 131.137115
883.120239 123.565002
746.583313 40.152405
704.877014 108.420898
3:5
633.661743 1239.249390
847.191223 969.425049
659.237427 719.878723
566.925537 154.654449
1192.984009 1266.792358
4:6
952.650146 671.306335
648.040161 667.740356
678.690735 741.635803
530.899780 802.937012
472.329651 870.535400
617.389526 593.844849
5:4
-231.854431 1109.526611
401.269653 1935.573730
-385.799042 1237.202271
-63.616211 1437.697266
6:5
1477.868774 789.350098
465.828857 1566.894409
612.852783 990.713928
859.255615 1048.034668
884.193970 885.006836
7:3
-479.271790 776.126404
-181.922485 557.990173
-328.805664 907.883545
8:6
1194.026245 1051.689331
950.274902 501.975464
786.273132 519.394775
778.926086 266.519287
184.301331 271.140991
874.198730 61.280090
9:3
1328.833130 651.492493
1996.643677 379.409973
1686.523071 659.097656
