1
-1:10
 120.000000 120.000000
 120.000000 1040.000000
 1280.000000 1040.000000
 1480.000000 600.000000
 1480.000000 40.000000
 320.000000 40.000000
 1000.000000 560.000000
 360.000000 560.000000
 360.000000 200.000000
 240.000000 120.000000
15
0:5
 -73.610888 -806.324509
 -179.873034 -750.572250
 -323.303545 -765.661575
 -272.793444 -927.676163
 -164.783709 -894.002762
1:4
 -301.610551 119.415662
 -292.341630 245.566693
 -411.485688 1040.679700
 -527.802315 1011.176404
2:4
 139.887215 -532.249978
 874.674691 -205.925882
 765.569954 -175.990091
 497.632363 -190.462930
3:3
 491.537226 1918.343841
 264.548822 1478.711883
 745.031794 1055.939910
4:5
 2284.138865 941.700145
 1780.829539 1686.468333
 1725.607981 1361.275218
 1908.777293 1280.969432
 1844.532664 1134.434032
5:4
 -1688.639244 1041.370798
 -1842.443199 997.276316
 -1787.325157 805.021250
 -1534.308678 503.056650
6:3
 1714.491412 162.116329
 2136.079303 524.143398
 2252.372638 737.862575
7:5
 -494.182707 2015.542157
 -180.476286 1739.882428
 -358.559050 1722.956646
 -66.046110 1481.221020
 -91.434782 1748.345379
8:6
 -564.904656 -805.969210
 -901.771356 -93.704653
 -696.407342 573.997068
 -1061.772332 149.605283
 -781.316766 -566.875521
 -946.334222 -635.935328
9:3
 -780.227386 1201.756984
 -1172.813446 1234.562282
 -1256.531219 915.514735
10:3
 1018.347842 1543.395738
 1232.601504 1381.855149
 1569.059267 1441.823411
11:3
 2029.602242 -305.224095
 1945.984200 26.148845
 1711.592598 -269.588505
12:3
 725.561309 -1158.448817
 1231.516265 -676.775081
 1187.176604 -437.538783
13:4
 1431.634861 -636.994959
 1506.104709 -906.910181
 1867.771946 -1014.598352
 2182.890232 -803.173364
14:3
 14.813161 -368.488381
 -246.784831 -308.768105
 -334.936580 -453.782814
