1
-1:4
120.000000 120.000000
120.000000 1080.000000
760.000000 1080.000000
760.000000 120.000000
7
0:3
490.996002 -5.963790
809.447754 25.475771
459.556366 312.488007
1:6
517.361938 344.467804
601.846191 789.060181
268.401886 852.423340
205.038712 518.979065
162.796585 296.682831
120.554474 74.386658
2:4
516.793884 788.610657
698.693237 654.027466
651.377075 970.510010
493.135803 946.851929
3:5
612.829651 952.577515
600.033020 1272.321533
433.762695 1425.795166
280.289001 1259.524902
293.085632 939.780884
4:4
279.507690 417.916870
296.518982 737.464355
128.239502 586.196228
119.733887 426.422485
5:4
309.594849 581.234619
189.954346 284.441528
294.062744 328.729706
606.388000 461.594116
6:5
184.186096 737.141235
-248.526093 529.391052
-35.038635 454.403687
178.448853 379.416412
290.929810 699.647583
