1
-1:4
 120.000000 120.000000
 120.000000 760.000000
 760.000000 760.000000
 760.000000 120.000000
7
0:3
 895.645996 -410.686706
 577.033783 -380.910522
 865.869263 -729.298340
1:4
 -950.660095 408.138123
 -1154.936325 310.817932
 -853.339905 203.861877
 -649.063660 301.182068
2:3
 1135.867004 -35.998169
 1178.256348 -486.556824
 1628.814941 -444.167542
3:3
 1412.481445 805.080444
 960.191650 789.784790
 975.487427 337.494965
4:3
 318.810059 -190.358673
 204.853149 -385.842224
 400.336792 -499.799133
5:4
 -189.411987 -61.798096
 36.798096 -56.411987
 31.411987 169.798096
 -194.798065 164.411987
6:3
 -547.316803 638.743042
 -344.182434 539.061340
 -244.500732 742.195679
