1
-1:4
 120.000000 120.000000
 120.000000 960.000000
 1320.000000 960.000000
 1320.000000 120.000000
14
0:6
 -629.156231 1308.194606
 -760.841168 1107.548366
 -660.518047 1041.705593
 -594.675274 1142.028713
 -394.029034 1010.343105
 -328.186260 1110.666225
1:8
 -981.444529 114.881029
 -629.473353 39.274828
 -604.271296 156.598558
 -721.595026 181.800645
 -696.392939 299.124376
 -813.716670 324.326402
 -838.918742 207.002672
 -956.242457 232.204759
2:8
 86.038890 1314.293598
 -26.133473 1356.923969
 -68.763905 1244.751606
 -180.936330 1287.381977
 -138.305898 1399.554340
 -250.478261 1442.184833
 -335.739125 1217.839985
 0.778026 1089.948749
3:4
 940.866699 1354.414673
 513.608582 1573.162231
 458.921692 1466.347656
 886.179810 1247.600098
4:12
 1541.847916 -1406.842593
 1522.729752 -1288.375369
 1641.197037 -1269.257144
 1622.078873 -1150.789859
 1187.698746 -1220.889896
 1206.816910 -1339.357181
 1088.349625 -1358.475345
 1069.231461 -1240.008060
 950.764237 -1259.126285
 969.882401 -1377.593570
 811.926102 -1403.084476
 831.044327 -1521.551700
5:8
 835.170536 -43.290768
 803.300480 -281.165295
 922.237736 -297.100293
 938.172795 -178.163022
 1057.110051 -194.098080
 1041.174992 -313.035351
 1160.112248 -328.970364
 1191.982365 -91.095822
6:8
 1719.243593 668.600100
 1800.158144 579.983889
 2154.623110 903.642031
 2073.708559 992.258303
 1896.476137 830.429201
 1815.561587 919.045412
 1726.945376 838.130861
 1807.859926 749.514651
7:4
 1621.351471 1231.773217
 1672.637115 1340.261925
 1347.171051 1494.118553
 1295.885529 1385.630028
8:10
 1414.856605 -973.411479
 1420.038490 -733.467387
 1260.075844 -730.012858
 1257.484901 -849.984904
 1137.512855 -847.393962
 1140.103798 -727.421916
 1020.131813 -724.830974
 1017.540870 -844.803020
 577.643440 -835.302959
 575.052498 -955.275004
9:8
 -510.980442 -374.935344
 -630.868564 -369.754680
 -641.229893 -609.530925
 -521.341770 -614.711589
 -526.522434 -734.599712
 -406.634312 -739.780376
 -396.272983 -500.004130
 -516.161106 -494.823466
10:6
 418.029716 -404.783961
 299.434989 -386.473536
 244.503715 -742.257960
 481.693290 -778.878809
 500.003715 -660.283991
 381.408866 -641.973567
11:6
 -1512.105677 135.995614
 -1868.917445 183.800698
 -1900.787562 -54.073829
 -1781.850306 -70.008872
 -1765.915247 48.928384
 -1528.040675 17.058328
12:6
 -1152.808425 1029.240575
 -1263.372878 982.598363
 -1216.730728 872.033849
 -1437.859756 778.749548
 -1391.217605 668.185033
 -1059.524124 808.111608
13:6
 -216.858072 -1203.248301
 -284.694010 -1302.234629
 -86.721476 -1437.906504
 -154.557413 -1536.892801
 -55.571146 -1604.728754
 80.100729 -1406.756174
